  260,19940101,  230,   31,   36,   46,   20,   26,    1,   82,   13,   31,   11,    7,   55,   13,   -6,    6,   32,   41,  218,    7,    4,    3,    2,10110,10146,   17,10037,    1,   35,    1,   70,    6,    4,   89,   94,    1,   75,   13,    3
  260,19940102,  216,   36,   62,   82,    6,   36,   11,  165,   13,   47,    2,    7,   81,   12,    3,   12,    0,    0,   46,  115,  133,   35,    8, 9971,10077,    1, 9899,   10,   28,    7,   75,   18,    7,   92,  100,    9,   82,   18,    1
  260,19940103,  199,   46,   57,  103,   23,   36,    1,  185,   22,   62,   37,    5,   89,   20,   15,    6,    0,    0,   77,   37,   84,   31,   16, 9976,10033,    4, 9897,   21,   30,    8,   75,   20,    6,   92,   99,    6,   75,   22,    1
  260,19940104,  210,   67,   72,   82,   19,   62,    4,  149,    1,   64,   48,   24,   84,   14,   44,    6,   28,   36,  235,   47,   32,    9,    6, 9918, 9936,    3, 9892,   18,   58,    6,   80,   14,    7,   84,   93,   23,   75,   13,    3
  260,19940105,  198,   51,   62,   82,   11,   41,    3,  154,   15,   57,   38,    6,   87,   16,   30,    6,    3,    4,   34,   74,   84,   18,   12, 9873, 9942,    4, 9817,   14,   33,   12,   80,   15,    6,   89,   97,   12,   79,    2,    0
  260,19940106,  159,   46,   51,   67,    6,   36,   21,  118,    6,   64,   40,    1,   81,   15,   28,    6,    0,    0,  154,   60,   50,   15,    5, 9835, 9868,   24, 9814,    5,   57,   21,   75,   10,    8,   91,   96,   19,   83,   15,    2
  260,19940107,  213,   51,   51,   72,    4,   26,   24,  129,    4,   46,   25,   24,   61,    1,    0,   24,   17,   21,  242,    0,    0,    0,    1, 9960,10043,   24, 9873,    1,   45,   24,   70,    5,    6,   86,   97,   24,   80,    4,    3
  260,19940108,  171,   31,   36,   46,   12,   21,    6,   87,   13,   27,   10,   24,   43,   15,   -4,    6,    0,    0,  111,    0,    0,    0,    1,10100,10119,   22,10050,    1,   25,    4,   60,   19,    5,   93,  100,    5,   89,   14,    1
  260,19940109,  146,   46,   46,   57,   13,   36,    1,  103,   15,   20,   -2,    6,   41,   15,   -8,    6,   66,   82,  335,    0,    0,    0,    1,10085,10111,    1,10032,   24,   57,    8,   60,    1,    4,   88,   94,    3,   80,   14,    4
  260,19940110,  131,   51,   51,   77,    5,   26,   24,  123,    5,   45,   26,    1,   61,   18,   22,    6,    9,   11,  164,    0,   -1,   -1,   14, 9992,10029,    1, 9976,   17,   56,   16,   60,    1,    7,   86,   91,   23,   82,   18,    2
  260,19940111,  183,   36,   36,   62,   22,   21,    1,  113,   22,   52,   30,    1,   64,   12,   23,    6,    0,    0,  111,   10,   15,   15,   23,10042,10060,   16,10001,    1,    2,   13,   61,   22,    8,   95,  100,   14,   87,   20,    1
  260,19940112,  202,   67,   72,  103,   24,   46,    7,  185,   24,   90,   57,    1,  122,   21,   55,    6,    0,    0,   49,  112,   84,   23,   23,10028,10064,    6, 9988,   23,   35,   15,   60,    3,    8,   94,   97,   15,   89,   11,    1
  260,19940113,  233,   93,   93,  118,    4,   77,    9,  242,    4,   94,   77,    8,  122,    1,   68,   12,   21,   26,  261,   22,   25,   14,    1,10062,10090,   18, 9989,    1,   62,    4,   75,    1,    5,   79,   86,    1,   75,    7,    4
  260,19940114,  240,   72,   72,   82,    1,   41,   24,  159,   11,   72,   53,   22,   82,   14,   53,   24,   26,   32,  241,   16,   42,   38,   22,10096,10108,   24,10082,    1,   65,    5,   80,   15,    6,   81,   93,   22,   71,   14,    3
  260,19940115,  230,   36,   36,   57,    9,   10,   24,   98,   11,   54,   39,   24,   68,    1,   36,   24,    2,    2,  192,    0,   -1,   -1,    1,10092,10109,    2,10072,   24,   35,   17,   70,    1,    8,   90,   93,    9,   86,   13,    2
  260,19940116,  359,   26,   26,   41,   15,    5,   22,   67,   14,   19,  -25,   24,   51,   12,  -51,   24,   31,   37,  290,    0,   -1,   -1,    4,10096,10128,   24,10068,    3,   45,    2,   80,   13,    5,   90,  100,    9,   74,   13,    3
  260,19940117,  240,   10,   15,   31,   20,    5,    1,   51,   16,   -6,  -43,    8,   41,   14,  -70,   12,   68,   82,  530,    0,   -1,   -1,   18,10218,10278,   24,10134,    1,   57,    8,   75,    1,    2,   90,  100,    2,   65,   13,    5
  260,19940118,  222,   62,   67,   93,   22,   31,    2,  149,   23,   25,   -1,    1,   40,   20,  -31,    6,    0,    0,  173,    0,    0,    0,    1,10253,10279,    1,10213,   24,   50,   15,   68,    1,    7,   88,   96,    4,   81,   20,    2
  260,19940119,  219,   51,   46,   82,    1,   10,   24,  154,    1,   25,   -6,   24,   32,   11,  -20,   24,    0,    0,   38,  122,   45,   10,    4,10215,10239,   23,10195,    5,   10,   23,   59,    1,    8,   96,  100,   22,   89,    1,    0
  260,19940120,  223,   41,   41,   57,   14,   15,    1,   98,   14,   30,  -20,    7,   59,   13,  -56,   12,   60,   71,  435,    0,    0,    0,    1,10257,10273,   24,10237,    1,   50,   24,   70,    7,    4,   92,  100,    1,   78,   13,    5
  260,19940121,  215,   57,   57,   62,    9,   46,    1,  113,   13,   52,   44,    9,   63,   23,   44,   12,    0,    0,   63,    0,   -1,   -1,    9,10260,10269,    1,10249,   15,    9,    8,   40,   18,    8,   96,   99,    9,   94,   12,    1
  260,19940122,  233,   41,   41,   57,    1,   21,   19,  103,   10,   73,   52,   20,   89,   15,   20,   24,    0,    0,   53,   96,   29,    5,   12,10255,10267,   20,10235,   24,    5,   22,   70,   18,    8,   98,  100,   21,   89,   18,    1
  260,19940123,  257,   62,   72,  118,    8,   41,    1,  211,    9,   77,   43,   23,  104,   12,   28,   24,    5,    6,   92,   87,  191,   38,    9,10178,10224,    1,10133,    9,   15,    3,   75,   13,    6,   85,  100,    1,   66,   21,    1
  260,19940124,  247,   31,   36,   51,    1,   15,   18,   87,    5,   43,   14,   20,   65,   12,  -20,   24,    6,    7,  281,    0,   -1,   -1,   22,10171,10204,    2,10145,   24,   45,   24,   75,    1,    5,   85,   99,   21,   74,    1,    3
  260,19940125,  239,   67,   72,  103,   23,   36,    1,  257,   24,   84,   49,    1,  116,   13,   47,    6,    9,   10,  153,   57,   72,   39,    9,10058,10138,    1, 9983,   23,   10,    2,   75,   24,    8,   93,  100,    2,   82,   21,    2
  260,19940126,  272,   62,   72,   87,   14,   41,   19,  185,   14,   60,   41,    6,   73,   15,   31,   24,   38,   43,  333,   41,   26,   12,    6,10092,10178,   18, 9973,    5,   57,    4,   80,   11,    6,   79,   91,    7,   69,   15,    4
  260,19940127,  245,  103,  103,  123,   10,   72,    1,  242,   22,   87,   42,   23,  109,   14,   41,   24,    2,    2,   95,   47,   74,   46,   22,10051,10140,    1, 9939,   21,   58,   19,   75,    4,    8,   84,   94,   19,   69,   24,    1
  260,19940128,  293,   82,   82,  113,   11,   41,   22,  221,   11,   39,    9,   17,   60,    5,    3,   24,   31,   35,  327,   24,    9,    3,   14,10164,10287,   24, 9991,    1,   20,   16,   75,    1,    6,   69,   82,   14,   53,   11,    4
  260,19940129,  236,   46,   51,   87,   24,   36,    3,  154,   23,   43,   21,    8,   83,   24,    7,    6,    0,    0,  117,   42,   11,    4,   16,10287,10323,   10,10232,   24,   15,   18,   72,    9,    7,   86,   99,   18,   70,    2,    1
  260,19940130,  265,   67,   72,   82,    1,   57,   17,  175,   16,   73,   50,   23,   98,   13,   39,   24,   41,   46,  382,   29,   16,    5,    8,10195,10222,    1,10177,   14,   30,    7,   80,   13,    5,   81,   95,    8,   65,   14,    5
  260,19940131,  255,   41,   41,   51,    1,   31,   21,   98,    1,   57,   39,    8,   77,   12,   25,   12,   27,   30,  364,    0,    0,    0,    1,10224,10234,   11,10208,   24,   60,   10,   75,   18,    6,   80,   91,    8,   68,   20,    5
  260,19940201,  203,   62,   62,   87,   17,   36,    1,  154,   16,   53,   37,   10,   72,   22,   35,   12,    0,    0,  142,   26,   20,   10,   19,10130,10199,    1,10069,   20,   58,   19,   75,   24,    7,   80,   93,   20,   72,   11,    2
  260,19940202,  257,   26,   36,   67,    3,    5,   19,  134,    2,   39,  -11,   24,   69,   13,  -40,   24,   51,   56,  482,    0,    0,    0,    1,10139,10159,   11,10101,    1,   65,   24,   75,    1,    4,   77,   96,   23,   62,   12,    6
  260,19940203,  112,   62,   62,   93,   14,   21,    2,  144,   14,   24,  -10,    3,   49,   24,  -44,    6,   17,   18,  282,   61,   24,    9,   19,10019,10112,    1, 9958,   20,   35,   23,   66,   15,    6,   89,   98,   24,   73,   13,    3
  260,19940204,  112,   31,   31,   41,    1,   10,   23,   62,    1,   56,   42,    5,   73,   17,   35,   24,    0,    0,   84,    0,   -1,   -1,    9, 9999,10039,   24, 9964,    1,   35,    2,   56,    7,    7,   97,   99,    5,   94,   13,    1
  260,19940205,   76,   26,   26,   41,    8,   10,   22,   72,    7,   43,   23,   23,   58,    1,   10,   24,    0,    0,  227,    0,   -1,   -1,    6,10077,10101,   23,10044,    1,   30,   23,   56,   10,    8,   90,   98,    1,   82,   14,    3
  260,19940206,  180,   21,   21,   36,   15,    5,    8,   62,   15,   40,   17,   23,   76,   14,    0,   18,   19,   20,  261,    0,   -1,   -1,    3,10127,10141,   20,10104,    1,   28,   24,   60,   16,    5,   93,   99,   23,   82,   15,    3
  260,19940207,  162,   31,   31,   46,    9,   15,   20,   77,    9,   40,    8,    5,   64,   14,    0,    6,    3,    3,  243,   46,   19,    6,   10,10129,10154,   24,10117,    6,   20,   22,   60,   13,    6,   94,   99,    1,   83,   14,    3
  260,19940208,  248,   15,   21,   36,   16,   10,    3,   62,   15,   43,    2,   23,   86,   15,  -28,   24,   43,   45,  463,   14,    3,    1,    1,10202,10235,   23,10156,    1,    0,    9,   75,   14,    3,   92,  100,    2,   67,   14,    6
  260,19940209,  223,   41,   46,   57,    8,   36,    1,   93,    6,   46,    5,    1,   82,   15,   -2,    6,   27,   28,  245,   27,    9,    5,    9,10207,10231,    1,10173,   24,   11,   11,   70,   15,    6,   89,  100,    1,   72,   15,    3
  260,19940210,  313,   41,   41,   57,    4,   21,   22,  113,    4,   51,   31,   24,   77,   13,   25,   24,   16,   17,  309,   39,   27,    9,   13,10191,10234,   24,10148,    4,   58,    1,   80,    8,    7,   85,   94,    2,   73,   11,    4
  260,19940211,   63,   21,   26,   36,   12,   10,    6,   67,   11,   24,   -4,    3,   43,   15,  -33,    6,    0,    0,  153,    0,    0,    0,    1,10252,10276,   24,10235,    1,   40,   18,   80,    2,    6,   88,   97,    7,   79,   14,    2
  260,19940212,   68,   46,   46,   67,   15,   31,    1,   98,   12,    6,  -12,    4,   30,   14,  -19,    6,   31,   32,  438,    0,   -1,   -1,   21,10298,10306,   18,10280,    1,   26,    5,   67,   13,    5,   84,   98,    6,   66,   16,    5
  260,19940213,   74,   77,   77,  108,   18,   41,    2,  175,   19,  -31,  -73,   23,   -1,    4,  -74,   24,   48,   49,  557,    0,   -1,   -1,    4,10281,10300,    1,10268,   16,   50,    7,   70,   18,    4,   64,   87,    2,   44,   20,    5
  260,19940214,   87,   98,  103,  113,   15,   82,    3,  195,   20,  -44,  -79,    5,  -10,   15,  -80,    6,   90,   91,  752,    0,    0,    0,    1,10232,10269,    1,10192,   24,   62,    9,   68,    1,    0,   47,   57,    3,   36,   24,    7
  260,19940215,  119,   77,   77,   98,    1,   51,   22,  180,    1,   -4,  -43,    6,   25,   17,  -46,    6,   32,   32,  507,    0,    0,    0,    1,10201,10235,   24,10177,    6,   60,    7,   75,   13,    5,   42,   50,   22,   35,    2,    5
  260,19940216,  132,   36,   36,   57,    1,   15,   22,   87,    1,    6,  -48,   24,   54,   15,  -81,   24,   64,   64,  727,    0,    0,    0,    1,10236,10243,    9,10228,   15,   61,   17,   70,    1,    3,   55,   77,   23,   43,   14,    8
  260,19940217,   88,   26,   26,   41,   12,   10,    2,   77,   12,  -20,  -81,    5,   46,   14, -109,   12,   89,   89,  888,    0,    0,    0,    1,10206,10227,    1,10192,   15,   62,   22,   70,    1,    1,   58,   88,    4,   30,   14,    9
  260,19940218,   77,   36,   36,   51,   17,   21,    1,   77,   16,  -16,  -64,    7,   44,   15,  -84,    6,   91,   90,  852,    0,    0,    0,    1,10210,10248,   24,10188,    3,   57,   15,   65,   22,    0,   57,   77,    7,   40,   15,    8
  260,19940219,   79,   31,   31,   46,   17,   10,   15,   77,   19,  -24,  -71,    7,   40,   15, -103,    6,   93,   91,  896,    0,    0,    0,    1,10230,10252,    7,10198,   24,   58,    7,   65,    1,    0,   52,   70,    7,   29,   15,    9
  260,19940220,   58,   31,   36,   51,   17,   10,    9,   82,   11,  -47,  -86,   24,   -2,   15, -110,   24,   93,   91,  834,    0,    0,    0,    1,10152,10195,    1,10124,   15,   40,    9,   58,    1,    0,   74,   93,   24,   50,   14,    7
  260,19940221,  160,   21,   26,   46,   13,   10,    3,   72,   10,  -58, -101,    3,  -23,   13, -127,    6,   19,   18,  454,    0,   -1,   -1,   13,10147,10153,   19,10134,    3,    0,   24,   45,    1,    3,   88,   97,   23,   67,   12,    4
  260,19940222,   65,   26,   26,   41,   15,   10,    1,   67,   15,  -35,  -75,    4,  -13,   15,  -76,    6,    0,    0,  175,   30,    5,    3,   20,10116,10148,    1,10097,   15,    0,    1,   35,   10,    8,   93,   97,    7,   78,   11,    2
  260,19940223,   83,   46,   46,   67,   13,   26,    1,  113,   13,   -4,  -23,    2,   23,   15,  -24,   12,   11,   11,  510,   13,    3,    2,   24,10055,10105,    1,10008,   24,   25,    1,   80,   14,    8,   78,   94,    1,   57,   13,    5
  260,19940224,   56,   26,   26,   41,    1,   15,   21,   67,    1,   -3,   -9,    1,    7,   15,   -8,    6,    0,    0,  273,   92,   36,    6,    2,10037,10099,   24,10002,    4,    6,    7,   25,    1,    8,   94,   98,    6,   91,    1,    3
  260,19940225,   95,   15,   21,   36,   23,    5,    5,   67,   24,    8,  -11,    5,   36,   14,  -15,    6,   27,   26,  639,    0,    0,    0,    1,10154,10179,   19,10104,    1,   15,   24,   40,   12,    7,   85,   96,   23,   67,   14,    7
  260,19940226,  151,   41,   41,   62,   12,   26,   17,   98,   12,   68,   16,    1,  113,   14,   15,    6,   21,   20,  641,    0,    0,    0,    1,10088,10157,    1,10045,   23,   12,    7,   65,   12,    8,   87,   96,    1,   75,   12,    9
  260,19940227,  188,   21,   26,   31,    1,   15,   17,   57,   14,   75,   39,    7,  113,   12,   13,   12,    2,    2,  396,   65,   38,   13,   19,10029,10046,    1,10017,   20,    2,   24,   63,    1,    8,   92,  100,   20,   76,   12,    5
  260,19940228,  169,   21,   26,   36,   11,    5,   17,   62,   11,   79,   51,    4,  112,   15,   48,    6,    8,    7,  511,   75,   75,   18,   17,10053,10071,   24,10030,    1,    2,    3,   57,   14,    8,   97,  100,    1,   83,   14,    7
  260,19940301,  235,   31,   36,   51,   10,   15,   20,   93,    6,   67,   51,   24,   82,   15,   48,   24,    0,    0,  212,    5,    6,    3,    3,10115,10162,   24,10073,    1,    4,    5,   56,   21,    8,   95,  100,    1,   88,   14,    3
  260,19940302,  225,   36,   46,   62,   16,   31,    2,  134,   17,   48,   37,    5,   73,   15,   25,   24,    0,    0,  103,   57,   55,   19,   11,10154,10204,   24,10110,   13,   20,   12,   63,   23,    6,   93,   99,   13,   87,   24,    1
  260,19940303,  231,   41,   51,   72,   14,   36,    6,  129,   12,   57,   29,    6,   90,   15,   19,    6,    0,    0,  417,   22,   72,   54,   17,10172,10210,   24,10114,   16,    9,    9,   70,   20,    5,   87,   98,    9,   75,   15,    5
  260,19940304,  212,   31,   41,   67,   13,   21,    7,  108,   13,   61,   19,    6,  101,   14,   -7,    6,   74,   67,  976,    0,    0,    0,    1,10258,10289,   10,10219,   24,   60,    8,   72,   13,    4,   77,   95,    7,   55,   14,   13
  260,19940305,  196,   36,   51,   67,   11,   36,   23,  129,   22,   74,   18,    7,  127,   17,   11,   12,   48,   43,  751,   22,    8,    4,   20,10166,10212,    1,10135,   16,   58,   21,   75,   23,    6,   76,   92,   20,   57,   13,   10
  260,19940306,  245,   51,   51,   72,   24,   36,    1,  139,   15,   67,   31,    7,  100,   14,   16,   12,   46,   41,  812,    0,    0,    0,    1,10220,10238,   10,10189,   24,   62,   22,   77,    3,    6,   80,   89,    7,   62,   14,   11
  260,19940307,  245,   62,   62,   77,    2,   41,   20,  144,    3,   93,   71,    4,  121,   14,   66,    6,    2,    2,  280,   28,    7,    3,    5,10168,10179,   20,10156,    8,   28,   24,   63,   11,    8,   89,   96,    5,   82,   14,    4
  260,19940308,  235,   72,   72,   98,   17,   46,    5,  180,   16,   98,   89,    6,  123,   16,   89,    6,    0,    0,  237,    0,   -1,   -1,    1,10173,10185,   24,10166,    5,    9,    8,   60,   15,    8,   95,  100,    8,   89,   15,    3
  260,19940309,  233,   57,   57,   77,    1,   21,   21,  134,    1,   88,   69,   22,   97,   14,   63,   24,    0,    0,  142,    7,    3,    3,   19,10186,10207,   24,10173,   16,   25,    9,   62,   21,    8,   95,   98,   23,   91,   16,    2
  260,19940310,  278,   31,   36,   62,   11,   10,   20,  108,   11,   65,    8,   24,  102,   14,  -26,   24,   95,   83, 1263,    0,   -1,   -1,    1,10285,10324,   20,10211,    1,   57,    1,   81,   10,    3,   80,   97,   23,   60,   15,   17
  260,19940311,  207,   31,   31,   57,   15,   15,   21,   87,   16,   50,  -11,    7,  107,   14,  -43,    6,  101,   88, 1252,    0,    0,    0,    1,10223,10303,    1,10157,   24,   60,    6,   75,   12,    4,   76,  100,    4,   47,   13,   16
  260,19940312,  236,   46,   51,   82,   24,   26,    8,  134,   24,   63,   39,    1,   96,   13,    6,    6,   50,   43, 1036,   15,    4,    3,    5,10141,10161,   10,10076,   24,   45,    6,   80,   11,    7,   77,   96,    6,   55,   15,   14
  260,19940313,  256,   82,   93,  118,   10,   62,   24,  226,   12,   82,   59,   24,  108,   11,   48,   24,   20,   17,  349,   57,   47,   16,    3,10034,10141,   24, 9976,    8,   45,    5,   80,   10,    6,   75,   96,    6,   57,   15,    5
  260,19940314,  247,   77,   77,  113,   14,   57,    2,  195,   13,   95,   56,    2,  121,   14,   45,    6,   16,   14,  629,    4,    4,    4,   21,10145,10160,    4,10132,   14,   59,   20,   75,    1,    6,   78,   87,   23,   72,    1,    9
  260,19940315,  284,   31,   26,   72,    1,    5,    6,  139,    1,   68,   47,   24,  102,    1,   33,   24,    0,    0,  174,  158,  150,   24,    9,10117,10140,    2,10089,   15,   25,   12,   75,   22,    7,   96,  100,    7,   88,    1,    2
  260,19940316,  262,   67,   67,   93,   17,   36,    1,  221,   17,   59,   32,   19,   87,   13,   22,   12,   72,   61,  914,    9,    4,    3,   12,10105,10138,    2,10062,   23,   35,   18,   80,   14,    4,   73,   84,    1,   56,   16,   12
  260,19940317,  279,   72,   72,   93,    1,   31,   22,  201,    2,   50,   29,   23,   68,   16,    8,   24,    8,    7,  379,   20,    5,    3,    5,10128,10164,   19,10068,    1,   60,   15,   75,    1,    5,   69,   84,   22,   62,   15,    5
  260,19940318,  230,   51,   51,   98,   23,   36,    2,  175,   24,   58,   31,    8,   89,   24,   22,    6,    8,    7,  549,   86,  176,   26,   24,10090,10152,    1, 9981,   24,   30,   19,   75,   14,    8,   87,   98,   20,   71,   14,    7
  260,19940319,  279,   57,   62,  103,    1,   26,   21,  201,    1,   55,   17,   24,   92,    3,  -14,   24,   42,   35,  946,   59,   59,   14,    2,10042,10107,   22, 9967,    2,   56,    2,   82,   12,    6,   77,   95,    2,   61,   12,   12
  260,19940320,  266,   46,   46,   72,   11,   31,   19,  144,   12,   49,   18,    1,   74,   15,  -12,    6,   65,   54, 1139,    0,    0,    0,    1,10124,10141,   16,10100,    2,   70,    6,   82,   10,    6,   74,   87,    1,   60,   10,   14
  260,19940321,   27,   15,   26,   41,   10,    5,    6,   82,   17,   39,  -16,   24,   81,   15,  -47,   24,   62,   51, 1242,    0,    0,    0,    1,10161,10213,   24,10118,    4,   62,    7,   82,   15,    4,   75,   96,   24,   49,   14,   15
  260,19940322,  213,   41,   46,   72,   21,    0,    2,  123,   17,   41,  -23,    3,   86,   24,  -49,    6,    3,    2,  362,   48,   28,   11,   13,10198,10215,    1,10174,   24,   15,   18,   75,    1,    7,   91,  100,    6,   72,   12,    4
  260,19940323,  233,  103,  103,  144,   19,   57,    1,  278,   19,  110,   85,    1,  128,   16,   83,    6,    0,    0,  134,    9,    1,    1,   12,10130,10168,    2,10087,   24,   33,    3,   72,   23,    8,   91,   96,    4,   86,   19,    2
  260,19940324,  264,   67,   72,  129,    1,   46,   19,  226,    1,   95,   79,   23,  112,   12,   73,   24,   66,   53, 1259,   20,   19,   14,    4,10135,10159,   19,10083,    2,   35,    4,   80,   10,    6,   70,   93,   24,   52,   13,   18
  260,19940325,  249,   67,   72,  103,   13,   36,   24,  180,   12,   87,   50,   24,  108,   18,   36,   24,    0,    0,  148,  132,  204,   31,   13,10048,10135,    1, 9996,   17,   37,    9,   80,   20,    7,   94,   98,    7,   89,   20,    2
  260,19940326,  314,   51,   51,   72,   12,   15,   23,  149,   10,   53,    8,   23,   90,   14,  -29,   24,   62,   49, 1093,   14,    7,    3,   15,10162,10233,   24,10065,    1,   63,    7,   78,   20,    5,   78,   94,   23,   63,   14,   14
  260,19940327,  152,   31,   31,   57,   17,    5,    5,   98,   17,   46,  -15,    5,   88,   14,  -48,    6,  117,   93, 1731,    0,    0,    0,    1,10215,10243,    9,10164,   24,   58,    7,   80,   10,    4,   73,  100,    6,   53,   12,   22
  260,19940328,  196,   51,   57,   77,   23,   36,    7,  144,   23,   88,   45,    5,  128,   15,   39,    6,    1,    1,  335,   35,    8,    2,    8,10124,10154,    1,10109,   20,   50,   21,   70,    1,    8,   81,   94,   21,   73,    1,    5
  260,19940329,  247,   57,   62,   82,    1,   36,   19,  175,    1,  114,   88,   23,  139,   14,   71,   24,   42,   33,  923,    0,    0,    0,    1,10171,10209,   22,10116,    1,   56,    6,   70,   13,    6,   79,   93,    4,   61,   13,   14
  260,19940330,  167,   46,   51,   82,   15,   21,    5,  129,   24,  135,   77,    3,  189,   14,   58,    6,   79,   62, 1446,    0,    0,    0,    1,10120,10204,    2, 9992,   24,   35,    7,   75,   13,    6,   76,   97,    6,   55,   14,   23
  260,19940331,  212,   77,   82,  108,   13,   57,    1,  195,    6,  114,   77,    7,  166,    2,   77,   12,   45,   35, 1018,   58,   47,   21,    6, 9991,10020,   10, 9906,   24,   57,    6,   80,   14,    7,   69,   91,    7,   50,   16,   15
  260,19940401,  230,   87,   98,  159,    9,   41,   20,  273,    9,   90,   46,   24,  118,    4,   46,   24,   16,   12,  633,  105,  126,   32,   23, 9871, 9966,   24, 9779,    5,   57,    5,   80,   16,    7,   81,   94,   23,   64,   15,    9
  260,19940402,  266,   41,   41,   67,   14,    5,   20,  134,   11,   53,   14,   21,   91,   15,  -24,   24,   79,   61, 1262,   31,   31,   23,    1,10031,10103,   24, 9971,    1,   65,    2,   80,   12,    5,   78,   95,    2,   53,   15,   16
  260,19940403,  218,   41,   46,   98,   24,   21,    1,  170,   24,   58,   15,    1,   97,   16,  -20,    6,   72,   55, 1254,   21,    8,    3,   11,10139,10170,   11,10079,   24,   58,   11,   82,   16,    5,   76,   96,    2,   56,   16,   16
  260,19940404,  225,   41,   67,  103,    3,   31,   12,  185,   17,   55,   17,   18,  112,   14,    7,   24,   16,   12,  570,  182,  241,   38,   17, 9978,10057,    1, 9921,   16,   13,   17,   80,   12,    7,   89,   98,   10,   72,   14,    7
  260,19940405,  205,   46,   51,   77,   10,   26,   19,  149,   11,   38,   15,    2,   70,   15,  -10,   24,   36,   27,  729,   33,   12,    3,    1,10060,10072,   22,10050,   14,   58,   11,   80,    1,    5,   88,   97,   22,   78,   15,    9
  260,19940406,  244,   21,   31,   62,   13,   10,   21,   93,   13,   50,   -3,   24,  100,   16,  -34,   24,   67,   50, 1229,   21,   10,    4,   14,10087,10106,   20,10063,    4,   58,    8,   80,   15,    4,   84,   99,   24,   58,   16,   16
  260,19940407,  145,   26,   31,   51,   11,   10,   19,  103,   14,   50,   -8,    3,   95,   13,  -46,    6,   50,   38, 1040,   59,   17,    5,   23,10025,10079,    1, 9993,   16,   45,   24,   70,   12,    6,   85,  100,    3,   61,   12,   13
  260,19940408,  186,   41,   46,   98,   24,   21,    4,  154,   24,   69,   47,    6,   97,   14,   38,    6,   23,   17,  781,   59,   58,   20,   24,10018,10052,    9, 9913,   24,   30,    6,   68,   16,    7,   86,   97,    1,   65,   17,   10
  260,19940409,  230,   31,   41,  103,    1,   10,   24,  175,    1,   44,   -4,   24,   84,   13,  -38,   24,   42,   31, 1048,   38,   48,   15,    1, 9911, 9944,   24, 9879,    4,   57,    3,   80,   17,    6,   86,   97,    6,   64,   12,   13
  260,19940410,   37,   21,   31,   62,   16,    5,    4,  103,   16,   44,   -7,    2,   93,   16,  -38,    6,   38,   28,  952,   21,   13,   10,    7,10040,10135,   22, 9947,    1,   20,    7,   75,   17,    6,   86,  100,    4,   53,   15,   12
  260,19940411,   19,   62,   62,   87,   11,   36,   22,  149,   12,   91,   58,    5,  133,   13,   48,    6,  102,   75, 1724,    0,    0,    0,    1,10179,10202,   21,10138,    1,   56,    5,   70,   14,    2,   75,   88,    1,   54,   13,   25
  260,19940412,  360,   46,   46,   72,   10,   26,    6,  129,   10,   87,   44,    6,  128,   11,   17,    6,   47,   34, 1181,    0,   -1,   -1,   13,10169,10192,    1,10140,   24,   57,    5,   63,   11,    5,   77,   94,    6,   61,   11,   17
  260,19940413,  350,   77,   77,   98,   12,   41,    1,  185,   16,   79,   52,   24,  110,   12,   45,   24,   49,   36, 1435,    0,   -1,   -1,   21,10156,10179,   22,10132,    4,   57,    5,   70,   21,    7,   72,   87,    2,   58,   12,   20
  260,19940414,  330,   46,   46,   67,    2,   31,   19,  134,    1,   61,   41,    6,   98,   15,   37,    6,   75,   54, 1837,   70,   30,   15,   20,10147,10173,    1,10134,   13,   60,   16,   80,    8,    6,   75,   95,   20,   56,   14,   24
  260,19940415,   86,   15,   31,   41,   13,   15,   19,   72,    1,   63,   40,   22,   84,   17,   13,   24,    2,    1,  553,   52,   35,   11,    4,10166,10221,   23,10124,    5,   42,    5,   70,    9,    6,   85,   98,    5,   70,   16,    7
  260,19940416,   35,   51,   57,   82,   17,   31,    1,  134,   17,   79,   32,    5,  133,   14,   17,    6,  121,   87, 2016,    0,    0,    0,    1,10214,10230,    9,10194,   24,   20,    5,   70,   12,    3,   77,   96,    4,   52,   12,   28
  260,19940417,   18,   62,   62,   77,   14,   41,   24,  144,   16,   61,   47,    6,   87,   10,   41,   24,   28,   20,  957,    0,   -1,   -1,   11,10173,10191,    1,10163,   15,   25,    4,   80,    9,    7,   76,   94,    3,   58,    9,   13
  260,19940418,    8,   36,   36,   51,    8,   15,   22,   87,    1,   56,   -3,   24,  105,   14,  -40,   24,   81,   58, 1544,    0,    0,    0,    1,10162,10174,    7,10143,   24,   72,    4,   81,   11,    3,   70,   97,   24,   48,   13,   20
  260,19940419,  172,    5,   15,   26,   24,    5,    3,   41,   13,   48,  -17,    4,   96,   17,  -51,    6,   25,   18,  962,    0,    0,    0,    1,10105,10138,    1,10085,   17,   60,   20,   75,    1,    6,   78,  100,    2,   56,   16,   12
  260,19940420,  157,    5,   21,   51,   18,    5,   23,   98,   18,   70,    3,    6,  145,   15,  -33,    6,   28,   20, 1296,    0,   -1,   -1,   16,10067,10084,    1,10051,   16,   38,   19,   60,    1,    4,   73,  100,   23,   46,   12,   17
  260,19940421,  208,   21,   31,   57,   14,    5,    1,  113,   15,   78,   17,   24,  138,   15,  -22,   24,   30,   21,  871,    0,   -1,   -1,    9,10087,10122,   24,10067,    1,   20,    6,   60,   21,    5,   75,   99,    1,   47,   16,   12
  260,19940422,  143,   26,   31,   57,   12,   10,    3,     ,     ,  102,    8,    4,  179,   16,  -30,    6,   83,   58, 1690,    0,    0,    0,    1,10102,10126,    8,10073,   24,   48,    7,   65,   18,    4,   67,   98,    1,   40,   16,   25
  260,19940423,  151,   31,   46,   77,   14,   21,   19,  144,   14,  146,   67,    3,  226,   13,    6,    6,   91,   63, 1916,    0,    0,    0,    1,10060,10077,   24,10040,   13,   57,    4,   70,   13,    4,   67,   94,   24,   32,   13,   31
  260,19940424,  152,   15,   26,   36,    8,   10,   23,  108,   14,  128,   62,    4,  205,   13,   19,    6,   38,   26, 1094,   23,   13,    8,   21,10075,10087,   21,10060,   14,   45,   23,   67,   10,    6,   84,  100,    3,   53,   12,   17
  260,19940425,  260,   26,   31,   46,   13,   10,    1,   87,   13,  104,   44,   23,  146,   13,    5,   24,   52,   36, 1263,   20,    5,    2,    9,10126,10170,   22,10084,    1,   38,    1,   80,   19,    6,   77,  100,    1,   45,   18,   19
  260,19940426,  195,   36,   41,   57,    9,   26,   15,  103,   10,  110,   56,    4,  143,   17,   34,    6,    3,    2,  470,   21,   19,   12,   14,10197,10227,   24,10163,    4,   15,   14,   80,    1,    7,   89,   98,   14,   76,    4,    7
  260,19940427,  215,   31,   36,   57,   13,   26,    3,   93,   13,  132,  102,    5,  148,   16,   93,    6,    1,    1,  463,   17,    8,    6,    9,10254,10286,   23,10222,    4,   13,    8,   60,   16,    8,   94,   99,    3,   88,   15,    7
  260,19940428,  230,   36,   36,   51,    7,   10,   23,   93,    6,  132,   75,   24,  183,   17,   38,   24,   30,   20,  780,    0,   -1,   -1,    8,10305,10315,    9,10285,    1,   30,    2,   75,   17,    6,   90,  100,   22,   73,   16,   12
  260,19940429,  204,   15,   21,   36,   17,    5,   21,   67,   17,  143,   65,    4,  215,   16,   36,    6,   73,   49, 1846,    0,    0,    0,    1,10284,10309,    1,10242,   24,   57,    7,   75,   20,    5,   80,  100,    1,   51,   17,   30
  260,19940430,  328,   21,   36,   57,   17,   15,    6,  103,   18,  130,   66,   22,  191,   10,   37,   24,   71,   48, 1861,    0,    0,    0,    1,10231,10262,   23,10213,    8,   56,    7,   81,   15,    4,   79,   98,    1,   60,   15,   29
  260,19940501,  354,   31,   41,   46,   12,   26,   22,   93,   14,   83,   57,   24,  113,   14,   38,   24,   76,   51, 1954,    0,    0,    0,    1,10289,10300,   11,10263,    1,   75,    1,   81,   14,    5,   66,   79,    2,   55,   15,   27
  260,19940502,   74,   26,   31,   36,    9,   15,    3,   82,   11,   89,   13,    4,  144,   16,   -4,    6,  113,   76, 2475,    0,    0,    0,    1,10262,10293,    7,10209,   24,   65,   22,   81,    1,    2,   62,   93,    4,   44,   17,   35
  260,19940503,  130,   46,   57,   82,   13,   26,    2,  134,   13,  138,   50,    3,  203,   16,    8,    6,  128,   85, 2331,    0,    0,    0,    1,10139,10208,    1,10084,   21,   60,    6,   67,   24,    6,   57,   86,    4,   35,   15,   37
  260,19940504,  235,   41,   46,   62,    8,   26,    2,  113,    8,  120,   78,   24,  156,   15,   57,   24,   49,   33, 1445,   16,   13,   10,   19,10111,10135,   24,10092,    3,   60,   18,   75,    1,    6,   73,   97,   22,   55,   17,   22
  260,19940505,  248,   36,   41,   77,    2,   26,    3,  118,   12,  109,   76,    3,  146,   16,   51,    6,   60,   40, 1635,   27,    4,    2,   24,10172,10193,   20,10134,    1,   50,   24,   80,   14,    6,   74,   96,    3,   46,   16,   25
  260,19940506,  185,   15,   26,   46,    3,   10,   17,   77,    3,  115,   87,    1,  135,   13,   87,    6,    0,    0,  417,  155,  122,   16,    6,10179,10189,   20,10168,    4,   12,    5,   50,   18,    8,   98,  100,    5,   94,   16,    6
  260,19940507,  124,   36,   36,   62,   24,   21,    1,  103,   23,  161,  122,    1,  200,   18,  122,    6,   29,   19, 1306,    0,    0,    0,    1,10142,10180,    1,10082,   24,   17,    4,   75,   24,    6,   82,  100,    2,   65,   15,   22
  260,19940508,  234,    5,   31,   62,    1,   10,   23,  103,    1,  116,   83,   24,  167,    1,   73,   24,   10,    7,  343,   69,   22,    5,   12,10113,10160,   24,10066,    4,   34,    8,   75,    1,    7,   89,   98,   24,   69,    2,    5
  260,19940509,   11,   31,   31,   41,   11,   15,    6,   87,   13,   99,   64,    4,  129,   15,   37,    6,    7,    5,  971,    0,   -1,   -1,    7,10187,10204,   22,10160,    1,   59,    4,   82,   14,    6,   82,  100,    4,   67,   18,   14
  260,19940510,   40,   21,   21,   36,   22,   10,   13,   67,   22,  106,   63,    5,  139,   14,   40,   24,    9,    6, 1153,    0,    0,    0,    1,10182,10201,    1,10166,   23,   40,   24,   75,    1,    7,   83,   98,   24,   69,   11,   17
  260,19940511,   89,   46,   46,   82,   15,   15,    1,  139,   15,  146,   67,    2,  214,   16,   30,    6,   94,   61, 2147,    0,    0,    0,    1,10125,10161,    1,10097,   18,    9,    6,   75,   17,    3,   71,  100,    1,   40,   17,   35
  260,19940512,   86,   51,   51,   72,   11,   36,   19,  118,   11,  176,  121,    5,  233,   14,  111,   24,  105,   68, 2172,    0,    0,    0,    1,10110,10134,   24,10101,    4,   62,    4,   80,   13,    1,   52,   71,    4,   34,   14,   38
  260,19940513,   82,   57,   57,   77,   10,   36,   21,  129,   14,  163,  106,    4,  218,   15,   95,    6,  122,   78, 2390,    0,    0,    0,    1,10131,10142,    7,10120,   18,   65,   24,   80,    1,    1,   59,   80,    4,   39,   14,   41
  260,19940514,  102,   36,   46,   72,   10,   15,   20,  123,   17,  168,  112,    5,  243,   14,  101,    6,   81,   52, 1927,   51,   13,    4,   20,10068,10119,    1,10044,   16,   57,    4,   70,   17,    5,   72,   98,   21,   37,   13,   33
  260,19940515,  252,   36,   41,   72,   13,    5,   23,  139,   14,  142,   85,   24,  187,   14,   38,   24,   76,   49, 2016,   40,   68,   46,    6,10079,10104,   22,10041,    3,   25,    6,   84,   15,    5,   82,  100,   23,   51,   14,   33
  260,19940516,   31,   26,   26,   51,   18,    5,    1,   87,   18,  127,   77,    2,  182,   16,   38,    6,   46,   29, 1295,   17,   13,    9,    7,10088,10104,    4,10053,   24,   10,    5,   64,   15,    7,   91,  100,    1,   72,   16,   20
  260,19940517,  203,   21,   36,   62,   14,   21,    1,  113,   18,  128,   95,    4,  170,   14,   96,    6,   12,    8,  838,   33,  104,   82,    2,10051,10062,   21,10036,    6,   20,    6,   75,   12,    7,   87,  100,    2,   70,   15,   13
  260,19940518,  345,   31,   31,   51,   14,    5,    4,   87,   14,  122,   69,    5,  168,   13,   48,    6,   49,   31, 1880,    0,    0,    0,    1,10065,10074,   22,10057,    1,    1,    4,   66,   17,    6,   83,  100,    2,   68,   10,   29
  260,19940519,  318,   26,   26,   46,   14,   10,   24,   82,   14,  121,   76,    4,  162,   13,   59,   24,   21,   13, 1441,    0,    0,    0,    1,10065,10069,    1,10059,   24,    5,   24,   70,   16,    6,   82,  100,   22,   66,   16,   22
  260,19940520,   67,   15,   21,   41,   16,    5,    1,   72,   16,  126,   70,    4,  186,   12,   52,    6,   19,   12, 1142,   76,  186,  101,   17,10048,10056,    1,10040,   16,    1,    2,   59,   15,    7,   90,  100,    1,   58,   12,   18
  260,19940521,  144,   31,   36,   51,   11,   21,   20,  103,   21,  143,  118,   24,  176,   11,  110,   24,   22,   14, 1161,   44,   80,   37,   14,10039,10054,   24,10026,   17,   15,    4,   75,   22,    7,   88,   99,    3,   75,   11,   19
  260,19940522,  199,   46,   46,   82,   12,   21,   22,  144,    9,  134,   98,   24,  178,   15,   70,   24,   29,   18, 1193,   21,   49,   36,   17,10088,10104,   12,10056,    1,   45,   16,   80,   18,    6,   88,  100,   22,   74,   14,   19
  260,19940523,  268,   26,   26,   41,   15,   10,   22,   93,   16,  121,   78,    3,  156,   13,   50,    6,   27,   17, 1191,    0,    0,    0,    1,10112,10135,   23,10091,    1,   20,    2,   62,   11,    6,   89,  100,    1,   76,   13,   18
  260,19940524,   27,   21,   21,   41,   16,   10,    3,   72,   16,  130,   87,    3,  170,   15,   75,    6,   15,    9, 1403,    8,    2,    1,   19,10106,10127,    1,10086,   18,   30,    1,   61,   14,    8,   85,  100,    4,   64,   13,   22
  260,19940525,  319,   26,   26,   36,   15,   10,   22,   72,   15,  124,   91,   24,  139,   13,   71,   24,    2,    1,  535,   56,   48,   14,    6,10115,10135,   21,10084,    2,   18,    7,   63,   20,    8,   91,   99,    6,   78,   17,    8
  260,19940526,   17,   26,   26,   51,   15,   10,    1,   98,   18,  113,   84,    3,  154,   12,   64,    6,    1,    1,  693,   17,    4,    2,   14,10114,10135,   24,10099,   13,   40,    4,   80,   22,    7,   84,  100,    3,   69,   12,   10
  260,19940527,  323,   31,   31,   41,    9,   15,   23,   82,    9,  107,   84,    4,  134,   10,   80,    6,   26,   16, 1293,    9,    4,    4,   24,10177,10200,   21,10137,    1,   62,   23,   80,    1,    7,   73,   94,   24,   57,    9,   19
  260,19940528,    5,   26,   26,   41,   15,   15,    2,   67,   14,  104,   77,   24,  127,   15,   63,   24,    7,    4,  940,   61,  103,   71,   10,10188,10194,   22,10182,   16,   40,   10,   80,   16,    7,   87,   99,    3,   73,   20,   14
  260,19940529,  333,   26,   26,   41,   10,   10,    2,   87,   17,   88,   41,    4,  138,   15,    6,   24,   21,   13, 1339,    0,   -1,   -1,   17,10215,10244,   24,10191,    1,   70,    3,   82,   11,    5,   76,  100,    4,   49,   15,   19
  260,19940530,  323,   26,   26,   36,   12,    5,   23,   72,   13,   92,   21,    4,  143,   15,  -10,    6,   76,   47, 2189,    0,    0,    0,    1,10261,10270,   12,10245,    1,   78,   14,   82,   19,    3,   73,  100,    3,   48,   11,   31
  260,19940531,  254,   26,   31,   51,   11,    5,   23,   98,   11,  122,   25,    3,  187,   15,    2,    6,  135,   83, 2569,    0,    0,    0,    1,10232,10257,    1,10209,   24,   65,    6,   80,    1,    4,   69,  100,    1,   47,   13,   40
  260,19940601,  153,   31,   31,   41,    9,   10,    3,   82,   11,  176,   54,    4,  246,   18,   24,    6,  131,   80, 2702,    0,    0,    0,    1,10157,10208,    1,10080,   23,   50,    5,   70,   18,    4,   58,  100,    2,   31,   16,   47
  260,19940602,  230,   36,   41,   67,    5,   31,   13,  123,    5,  158,  116,   22,  192,    1,  103,   24,    0,    0,  490,   68,   77,   33,   19,10066,10086,   23,10057,   14,   20,   13,   70,    1,    7,   87,  100,   22,   59,    1,    8
  260,19940603,  218,   57,   57,   77,   22,   36,    2,  139,   12,  139,  105,   24,  175,   13,   92,   24,   34,   21, 1235,   39,   80,   56,   14,10077,10091,    6,10058,   24,   30,    2,   80,   18,    6,   83,  100,    1,   67,   17,   20
  260,19940604,  234,   36,   46,   77,    1,   10,   16,  144,    2,  109,   95,   24,  142,   11,   95,   24,   14,    8,  797,  193,  247,   30,    1,10050,10077,    9,10008,   21,   50,   21,   70,    9,    8,   94,   99,   20,   73,   11,   12
  260,19940605,  287,   41,   46,   72,   13,   21,    5,  144,   13,  115,   82,    5,  142,   16,   68,    6,  121,   73, 2392,   10,    3,    2,   20,10148,10191,   20,10047,    1,   62,   18,   82,   14,    5,   76,   95,    4,   55,   14,   36
  260,19940606,  213,   36,   36,   51,   13,   26,   20,   98,   14,  125,   84,    4,  149,   24,   70,    6,    9,    5,  642,   57,   32,    9,   13,10182,10189,   10,10175,   24,   25,   12,   70,    1,    7,   97,  100,   21,   92,    7,   10
  260,19940607,  233,   41,   41,   57,    1,   31,   22,  113,    1,  135,  111,   24,  149,    1,   90,   24,    0,    0,  264,   13,    2,    1,   10,10191,10201,   11,10173,    1,   10,    3,   62,   21,    7,   97,  100,    3,   89,   19,    4
  260,19940608,  311,   10,   26,   57,   14,   10,    7,  113,   16,  116,   69,   24,  163,   11,   50,   24,    7,    4,  686,   31,   77,   28,   16,10190,10219,   24,10177,   13,   50,    5,   80,   24,    7,   92,  100,   21,   75,   13,   10
  260,19940609,  260,   36,   36,   57,   11,   15,    2,  113,   10,  107,   45,    3,  144,   11,   22,    6,   62,   37, 1385,   44,   62,   28,   24,10239,10249,   13,10225,    1,   34,   19,   80,    1,    5,   84,  100,    2,   52,   11,   21
  260,19940610,  324,   41,   46,   77,   14,   21,   22,  139,   12,  115,   80,   24,  149,   15,   64,   24,   68,   41, 1966,   36,   34,    8,    7,10245,10274,   21,10221,    4,   35,    3,   80,   14,    6,   80,   98,    1,   57,   13,   30
  260,19940611,  356,   31,   31,   51,   12,   15,    2,   98,   12,  116,   73,    4,  161,   16,   50,    6,   70,   42, 1821,   12,   10,    5,    6,10290,10319,   24,10267,    3,   75,    1,   81,   16,    4,   79,   96,    2,   55,   16,   28
  260,19940612,   20,   31,   31,   46,   19,   15,    5,   77,   19,  131,   76,    4,  185,   14,   48,    6,   83,   50, 2404,    0,    0,    0,    1,10321,10330,    8,10313,   18,   62,    3,   82,   12,    4,   81,  100,    2,   61,   13,   38
  260,19940613,    1,   26,   26,   41,   15,    5,    3,   72,   13,  136,   58,    4,  191,   15,   30,    6,   99,   59, 2194,    0,    0,    0,    1,10289,10317,    1,10254,   24,   57,    4,   80,   12,    3,   80,  100,    3,   59,   15,   35
  260,19940614,  326,   26,   31,   57,   19,   10,    1,   93,   18,  147,   66,    4,  217,   14,   38,    6,  138,   83, 2789,    0,    0,    0,    1,10232,10251,    1,10217,   15,   26,    3,   80,   22,    1,   77,  100,    1,   55,   12,   46
  260,19940615,  274,   31,   36,   72,   15,    5,    3,  134,   15,  136,   66,    4,  184,   14,   39,    6,   93,   56, 2205,    0,    0,    0,    1,10196,10235,    1,10156,   24,   62,   19,   80,    1,    5,   76,  100,    3,   59,   13,   35
  260,19940616,  280,   31,   31,   51,   10,   10,   22,  103,   10,  126,  114,   20,  151,   10,  115,   24,    1,    1,  571,   65,   26,    7,   18,10144,10151,    1,10135,    7,   50,   16,   80,   11,    8,   88,  100,   22,   70,   10,    9
  260,19940617,  167,   21,   21,   36,   23,   10,    5,   57,   23,  133,  102,    4,  165,   18,  101,    6,    7,    4,  963,    0,   -1,   -1,    1,10148,10165,   11,10112,   24,   36,   24,   68,    8,    7,   86,   99,    1,   72,   13,   15
  260,19940618,  244,   46,   46,   62,   12,   26,    2,  123,   11,  160,  126,    3,  197,   16,  107,    6,   26,   16, 1676,    0,    0,    0,    1,10099,10108,    1,10091,    5,   30,    1,   75,    6,    7,   76,   95,    1,   58,   16,   28
  260,19940619,  260,   36,   36,   57,    7,   15,   20,  113,    7,  160,  127,    4,  184,   17,  117,    6,   28,   17, 1307,    0,   -1,   -1,   23,10125,10152,   24,10096,    3,   25,    4,   65,   17,    6,   81,   98,    4,   70,   17,   22
  260,19940620,  253,   21,   26,   46,   14,   10,    3,   82,   16,  161,  143,    3,  183,   14,  139,   24,   12,    7,  650,   15,    4,    2,   11,10166,10186,   24,10146,    3,   20,    3,   70,   23,    8,   86,  100,    5,   70,   19,   11
  260,19940621,  224,   67,   67,  103,   23,   31,    3,  201,   23,  169,  140,    5,  191,   10,  137,    6,   12,    7, 1162,   14,    5,    3,   17,10172,10189,    8,10150,   20,   57,    5,   70,    1,    8,   79,   89,    5,   68,    9,   20
  260,19940622,  258,   51,   51,   87,    1,   10,   23,  170,    1,  162,   92,   24,  196,   14,   58,   24,   26,   16, 1249,    9,    2,    2,    1,10195,10248,   24,10152,    1,   61,    3,   76,   12,    6,   82,  100,   23,   61,   15,   21
  260,19940623,  342,   21,   26,   41,   17,   15,    1,   77,   13,  142,   72,    4,  193,   14,   39,    6,  146,   87, 2852,    0,    0,    0,    1,10253,10267,    8,10233,   24,   65,    1,   80,   11,    2,   66,  100,    1,   41,   15,   46
  260,19940624,  101,   51,   51,   77,   18,   21,    2,  113,   17,  192,   92,    2,  259,   17,   68,    6,  135,   81, 2656,    0,    0,    0,    1,10159,10229,    1,10100,   23,   62,    9,   80,   18,    3,   56,   87,    2,   33,   13,   48
  260,19940625,  218,   21,   31,   62,   16,   10,    2,  123,   16,  194,  144,   24,  247,   14,  121,   24,   34,   20, 1327,   13,   28,   18,   10,10103,10134,   23,10077,    6,   30,   24,   75,    2,    6,   80,  100,   24,   60,    9,   24
  260,19940626,  243,   21,   26,   41,   15,   10,    5,   77,   15,  188,  139,    3,  240,   15,  121,   24,   52,   31, 1846,    0,    0,    0,    1,10163,10198,   24,10137,    1,   12,    3,   65,   19,    6,   80,  100,    3,   64,   12,   33
  260,19940627,  258,   15,   26,   41,   18,   15,   21,   72,   13,  179,  134,    2,  242,   16,  110,    6,   55,   33, 2107,    0,   -1,   -1,   11,10220,10233,   23,10198,    1,   60,    1,   70,   22,    5,   79,   97,    2,   54,   14,   37
  260,19940628,   48,   10,   21,   31,   18,   10,    7,   67,   12,  221,  143,    2,  297,   16,  116,    6,  120,   72, 2544,    0,    0,    0,    1,10191,10232,    1,10149,   24,   40,    5,   77,   15,    2,   71,   99,    4,   44,   14,   48
  260,19940629,  284,   26,   31,   62,    9,    5,    1,  113,   11,  190,  113,   24,  242,    8,   83,   24,   98,   59, 2346,    0,   -1,   -1,   10,10187,10245,   24,10130,    5,   35,    6,   80,   24,    3,   79,  100,    5,   61,   16,   42
  260,19940630,   49,   26,   26,   51,   18,    5,    1,   87,   18,  173,  100,    3,  230,   14,   73,    6,   84,   50, 2182,    0,    0,    0,    1,10249,10262,    8,10239,   19,   59,    7,   75,    1,    3,   69,  100,    1,   43,   15,   38
  260,19940701,   71,   41,   41,   62,   10,   31,    2,   98,   11,  199,  115,    4,  262,   16,  101,    6,  148,   89, 2787,    0,    0,    0,    1,10203,10239,    1,10169,   19,   73,    7,   80,    5,    1,   62,   88,    4,   42,   17,   51
  260,19940702,   84,   26,   31,   41,   18,   21,   24,   72,   12,  234,  152,    4,  301,   15,  137,    6,   99,   59, 2201,    0,    0,    0,    1,10147,10172,    1,10130,   18,   62,   24,   75,    1,    3,   63,   85,    3,   42,   13,   42
  260,19940703,  318,   21,   21,   36,   16,    5,    6,   62,   12,  229,  175,    5,  291,   14,  149,    6,  114,   69, 2374,    0,    0,    0,    1,10143,10152,   10,10136,    1,   28,    4,   60,    1,    2,   79,   99,   24,   61,   13,   45
  260,19940704,  299,   21,   31,   46,   10,   15,    1,  154,   10,  218,  180,   24,  268,   13,  164,   24,   47,   28, 1715,    0,   -1,   -1,   10,10133,10159,   24,10113,   11,   15,    3,   65,   19,    5,   79,  100,    1,   59,   17,   32
  260,19940705,  252,   31,   36,   46,    2,    5,   22,  103,    2,  175,  106,   24,  207,   10,   63,   24,   41,   25, 1458,    0,   -1,   -1,    7,10184,10203,   22,10158,    1,   50,    6,   75,   18,    5,   77,   99,   24,   55,   17,   25
  260,19940706,  213,   15,   21,   41,   10,    5,   24,   72,   10,  166,   96,    5,  219,   12,   55,    6,   67,   40, 1918,    0,    0,    0,    1,10181,10197,    1,10162,   24,   62,    4,   72,    1,    5,   75,  100,    1,   49,   10,   33
  260,19940707,  276,   26,   26,   51,   16,    0,    2,   98,   15,  144,  100,   24,  186,   17,   63,   24,   46,   28, 1019,   52,   71,   44,   12,10159,10170,   22,10152,    2,   58,   24,   75,   14,    5,   87,  100,    1,   68,   16,   17
  260,19940708,  278,   10,   21,   31,   15,   10,    5,   62,   19,  167,  102,    5,  214,   16,   74,    6,   43,   26, 1344,    0,   -1,   -1,   12,10164,10179,   23,10158,    3,   57,    8,   64,   14,    5,   81,  100,    1,   60,   16,   23
  260,19940709,  280,   15,   15,   26,   13,    5,   22,   62,   14,  184,  132,   24,  232,   17,   98,   24,   41,   25, 1737,    0,    0,    0,    1,10207,10227,   24,10180,    1,   30,    2,   62,   11,    4,   77,  100,   24,   55,   17,   31
  260,19940710,  190,   10,   21,   41,   11,    5,    1,   77,   11,  195,  108,    5,  255,   15,   75,    6,  120,   73, 2574,    0,    0,    0,    1,10233,10239,    7,10225,   18,   37,    6,   70,   20,    2,   73,  100,    1,   48,   15,   46
  260,19940711,  122,   21,   26,   41,   14,   10,    4,   82,   16,  231,  148,    5,  293,   14,  102,    6,  156,   95, 2665,    0,    0,    0,    1,10215,10234,    1,10197,   18,   56,    4,   72,   17,    1,   61,   96,    4,   36,   15,   51
  260,19940712,  125,   36,   36,   67,   13,   21,   24,  113,   13,  253,  179,    2,  318,   15,  142,    6,  145,   88, 2727,    0,    0,    0,    1,10184,10198,    6,10169,   17,   60,    4,   80,   15,    1,   53,   81,    1,   28,   15,   54
  260,19940713,  347,   10,   31,   46,   13,   21,    1,   93,   13,  245,  190,    5,  305,   12,  137,    6,  107,   65, 2445,    0,    0,    0,    1,10173,10187,   23,10164,    4,   50,   24,   70,    1,    3,   62,   90,   24,   43,   14,   48
  260,19940714,  321,   26,   31,   46,    3,   15,    7,  113,    3,  202,  155,   24,  244,   11,  139,   24,   83,   51, 2180,   31,   89,   44,    4,10196,10214,   22,10178,    1,   34,    4,   63,    9,    4,   84,   99,    5,   65,   10,   40
  260,19940715,  262,   10,   21,   36,   18,    5,    4,   72,   18,  196,  135,    5,  260,   15,   98,    6,   87,   53, 2334,    0,    0,    0,    1,10218,10227,   10,10208,   17,   25,    3,   65,   22,    3,   74,  100,    1,   44,   15,   42
  260,19940716,   23,   31,   31,   57,   17,    5,    1,   93,   16,  199,  151,    5,  247,   14,  127,    6,   61,   37, 1835,    0,    0,    0,    1,10216,10226,   23,10208,   16,   30,    4,   67,   13,    5,   78,   98,    4,   57,   15,   33
  260,19940717,   36,   41,   46,   62,   18,   21,    3,  113,   19,  191,  143,   24,  249,   14,  134,   24,  110,   68, 2435,    0,    0,    0,    1,10208,10218,    1,10195,   17,   59,    4,   80,   19,    3,   71,   95,    4,   50,   13,   44
  260,19940718,   42,   46,   46,   62,    8,   36,   15,  103,    8,  189,  124,    5,  247,   16,  116,    6,  150,   93, 2810,    0,    0,    0,    1,10181,10204,    1,10162,   17,   74,   24,   82,   14,    1,   64,   85,    4,   44,   15,   50
  260,19940719,   57,   41,   41,   67,   11,   31,    8,  108,   11,  209,  149,    5,  268,   14,  143,    6,  115,   71, 2346,    0,    0,    0,    1,10160,10170,   22,10149,   16,   68,    4,   80,   15,    3,   59,   87,    3,   37,   17,   43
  260,19940720,   68,   31,   31,   67,   10,   15,    3,  103,   10,  215,  147,    4,  274,   14,  122,    6,  119,   74, 2466,    0,    0,    0,    1,10174,10187,   23,10166,    1,   75,   23,   81,    9,    2,   55,   84,   22,   32,   12,   46
  260,19940721,    8,   15,   21,   36,   16,   10,    9,   72,   16,  227,  143,    5,  294,   14,  111,    6,  114,   71, 2534,    0,    0,    0,    1,10176,10183,    1,10166,   16,   70,    5,   78,   10,    3,   61,   88,    3,   35,   11,   48
  260,19940722,  342,   26,   26,   46,   16,   10,    1,   82,   16,  233,  173,    3,  295,   14,  140,    6,  104,   65, 2150,    0,    0,    0,    1,10185,10200,   23,10171,    1,   50,    5,   80,   19,    3,   70,  100,    5,   41,   13,   41
  260,19940723,   33,   41,   41,   62,   17,   26,    1,   98,   16,  240,  181,    3,  307,   14,  171,    6,  105,   66, 2280,    0,    0,    0,    1,10179,10195,    1,10162,   18,   56,    5,   72,   14,    3,   69,   96,    2,   44,   16,   44
  260,19940724,  107,   21,   26,   36,    1,   15,    8,   77,   15,  266,  177,    4,  341,   15,  168,    6,  121,   76, 2359,    0,   -1,   -1,   24,10129,10158,    1,10105,   18,   60,    2,   75,   14,    4,   52,   95,    4,   22,   16,   48
  260,19940725,  232,   21,   31,   46,    3,   15,    6,   93,   16,  236,  187,   23,  290,   11,  161,   24,   71,   45, 1836,   13,    8,    5,    3,10134,10164,   23,10109,    2,   50,   13,   70,    1,    4,   70,   90,    5,   50,   16,   35
  260,19940726,  233,   21,   26,   36,   12,   10,   23,   82,   19,  232,  169,    5,  296,   14,  133,    6,   89,   56, 2121,    0,    0,    0,    1,10183,10194,   22,10164,    1,   33,    4,   72,   22,    3,   67,   92,    5,   48,   17,   41
  260,19940727,  347,   21,   21,   41,   18,    5,    1,   72,   18,  244,  190,    5,  309,   14,  183,    6,   95,   60, 2070,    0,   -1,   -1,    5,10179,10188,    1,10167,   16,   50,   24,   78,    8,    3,   64,   87,   23,   43,   11,   40
  260,19940728,  287,   15,   41,   72,   15,   21,   10,  134,   15,  217,  180,   22,  271,   13,  177,   24,   36,   23, 1492,    7,    4,    4,    9,10150,10175,   23,10123,   11,   40,    2,   75,   22,    6,   81,   91,    2,   65,   15,   28
  260,19940729,   25,   15,   26,   41,   18,   15,    5,   77,    1,  205,  163,   24,  256,   15,  127,   24,   72,   46, 1856,    0,    0,    0,    1,10179,10196,    9,10161,   23,   57,    4,   80,   14,    4,   73,   91,   24,   54,   15,   34
  260,19940730,  121,   26,   26,   46,   15,   15,    1,   77,   13,  236,  156,    4,  310,   15,  125,    6,   88,   56, 2076,    0,    0,    0,    1,10127,10158,    1,10103,   24,   56,    4,   78,   22,    4,   68,   95,    4,   41,   15,   40
  260,19940731,  198,   15,   31,   87,   21,    5,    6,  247,   21,  243,  158,   21,  316,   18,  158,    6,   90,   58, 2111,   18,  325,  310,   21,10092,10106,   24,10076,   17,   50,    4,   80,   22,    4,   71,  100,   22,   44,   16,   41
  260,19940801,  250,   10,   15,   26,   11,   10,    4,   82,    9,  188,  145,   24,  227,    9,  122,   24,   14,    9,  732,   32,  294,   97,   18,10126,10167,   24,10098,    2,   12,   10,   80,    2,    6,   96,  100,    1,   82,   16,   13
  260,19940802,  185,   10,   21,   31,    8,    5,   18,   67,   13,  200,  126,    5,  256,   17,   99,    6,   92,   59, 2124,    0,    0,    0,    1,10183,10193,   23,10166,    1,   61,   20,   80,    9,    3,   75,  100,    1,   50,   14,   39
  260,19940803,   75,   15,   21,   36,   19,    5,    6,   62,   19,  235,  152,    5,  299,   17,  128,    6,  134,   87, 2403,    0,    0,    0,    1,10193,10201,    7,10184,   24,   62,    4,   81,   13,    1,   63,   95,    5,   36,   16,   46
  260,19940804,  104,    5,   26,   57,   24,    5,   17,  123,   24,  258,  178,    5,  339,   16,  144,    6,  108,   70, 2194,    0,    0,    0,    1,10168,10180,    1,10154,   17,   50,   20,   75,   13,    4,   64,   87,   23,   40,   13,   44
  260,19940805,  306,   21,   21,   31,    1,    5,   24,   82,    1,  217,  173,   24,  257,   10,  148,   24,   51,   33, 1262,    0,   -1,   -1,   14,10187,10214,   23,10152,    1,   15,   24,   71,   13,    3,   84,  100,   23,   68,   12,   24
  260,19940806,   30,   36,   31,   46,   16,   10,    5,   87,   16,  209,  171,   24,  256,   14,  147,    6,  107,   70, 2132,    0,    0,    0,    1,10218,10226,   24,10211,   17,    7,    4,   80,   10,    2,   76,  100,    1,   51,   12,   39
  260,19940807,   40,   36,   41,   51,   17,   26,    6,   93,   17,  188,  150,    5,  239,   15,  141,    6,   59,   39, 1681,    0,    0,    0,    1,10211,10223,    2,10197,   18,   75,    1,   81,    7,    4,   73,   93,    3,   51,   13,   30
  260,19940808,   24,   31,   31,   46,    8,   15,    5,   93,   16,  179,  120,    5,  226,   14,   99,    6,   94,   62, 1986,    0,    0,    0,    1,10197,10206,    1,10188,   17,   75,    4,   82,   14,    4,   73,  100,    5,   49,   13,   35
  260,19940809,   44,   41,   36,   62,   23,   10,    5,  103,   19,  182,  110,    4,  231,   15,   65,    6,  111,   74, 2100,    0,    0,    0,    1,10156,10197,    1,10101,   24,   75,   24,   81,   12,    3,   71,  100,    3,   46,   15,   37
  260,19940810,   73,   31,   36,   82,    5,   10,   24,  144,    5,  198,  150,    3,  251,   14,  144,    6,   23,   15, 1391,   13,   22,   21,   23,10053,10097,    2,10035,   24,   15,   24,   75,    1,    7,   79,  100,   24,   61,   13,   25
  260,19940811,  238,   36,   36,   62,   12,    5,    5,  113,   14,  199,  162,   24,  242,   14,  148,   24,   87,   58, 2008,   25,   43,   15,    2,10046,10069,   24,10030,    3,   13,    1,   75,   15,    6,   83,  100,    1,   53,   15,   37
  260,19940812,  270,   46,   51,   77,   13,   15,    1,  144,   12,  161,  143,   23,  178,   13,  137,   24,    0,    0,  470,   83,   37,   10,   20,10104,10142,   24,10069,    1,   56,   19,   68,   12,    8,   90,   98,   20,   80,   24,    8
  260,19940813,  307,   36,   41,   62,   14,   21,   22,  139,   11,  152,  112,   23,  188,   13,   84,   24,  101,   68, 1986,    0,   -1,   -1,    9,10179,10206,   22,10144,    1,   75,    1,   83,   14,    4,   67,   82,   23,   50,   13,   33
  260,19940814,  292,   31,   31,   51,   13,   15,   22,  103,   16,  136,   77,   24,  185,   15,   36,   24,   57,   39, 1417,    0,    0,    0,    1,10208,10222,   24,10202,    2,   74,   20,   81,   13,    4,   70,   97,   24,   49,   14,   23
  260,19940815,  339,    5,   21,   31,    9,   10,    4,   62,    9,  131,   56,    5,  192,   17,   13,    6,   49,   33, 1338,    0,   -1,   -1,   10,10246,10260,   11,10224,    1,   80,    1,   81,   14,    3,   78,  100,    1,   54,   17,   21
  260,19940816,  140,   26,   26,   41,   10,    5,   21,   77,   12,  158,   80,    4,  228,   16,   31,    6,  126,   86, 2178,    0,    0,    0,    1,10194,10241,    1,10128,   24,   60,   21,   80,    1,    3,   72,  100,    3,   40,   16,   37
  260,19940817,  213,   41,   46,   77,    9,   15,    1,  144,    9,  145,  109,    1,  191,   10,   74,    6,   15,   10,  735,   53,  196,   75,   17,10074,10120,    1,10046,   18,   50,    6,   80,   21,    6,   89,  100,   19,   60,   12,   12
  260,19940818,  270,   51,   51,   67,    7,   21,   20,  144,    9,  156,  121,    1,  188,   14,  102,   24,   72,   49, 1565,   44,  133,   67,    2,10085,10109,   15,10040,    1,   56,    4,   80,   15,    6,   80,  100,    1,   61,   15,   26
  260,19940819,  232,   36,   41,   62,   12,   21,   22,  113,   13,  166,  137,    4,  192,   17,  117,   24,   16,   11,  741,    0,   -1,   -1,    1,10067,10098,   24,10052,   13,   50,    7,   75,   17,    6,   90,   98,    4,   77,   19,   13
  260,19940820,  256,   15,   21,   41,   13,    5,   21,   93,   13,  157,  105,   23,  200,   14,   73,   24,   23,   16, 1076,    0,   -1,   -1,    9,10131,10157,   23,10100,    1,   14,    6,   82,   16,    6,   84,  100,    5,   55,   15,   18
  260,19940821,  152,    5,   15,   26,   22,   10,    1,   51,   22,  166,  103,    1,  224,   14,   71,    6,   77,   54, 1784,    0,    0,    0,    1,10164,10179,   24,10153,    3,   62,    6,   80,    1,    5,   79,  100,    1,   52,   14,   30
  260,19940822,   66,   41,   36,   57,   12,   10,    4,  103,   15,  185,  128,    4,  233,   15,  113,    6,   39,   27, 1399,    0,    0,    0,    1,10160,10177,    1,10139,   24,   58,    6,   65,    1,    6,   76,   94,    2,   60,   14,   25
  260,19940823,  200,   21,   26,   46,   12,   10,   21,   87,   17,  187,  158,    3,  227,   17,  134,   24,   10,    7,  559,    0,   -1,   -1,   24,10134,10141,   11,10127,   23,   11,   13,   70,   20,    7,   90,  100,   24,   69,   17,   10
  260,19940824,  231,   26,   31,   51,   11,   10,   21,   93,   11,  175,  139,   24,  214,   14,  121,   24,   42,   30, 1237,   31,   34,   19,    3,10118,10127,    9,10100,   24,   30,    3,   80,    8,    6,   85,  100,    3,   59,   13,   22
  260,19940825,  191,   21,   26,   41,   12,   15,   15,   82,   13,  167,  123,    2,  215,   15,   97,    6,   43,   30, 1302,    5,    1,    1,   17,10077,10093,    1,10071,   17,   60,   24,   80,    9,    6,   82,  100,    1,   57,   15,   22
  260,19940826,  211,   31,   31,   46,    9,   21,   19,   87,   11,  164,  126,    5,  203,   14,  115,    6,   30,   21,  883,   12,   13,    9,   17,10089,10116,   23,10067,    4,   56,    4,   67,   10,    6,   91,  100,   20,   71,   10,   15
  260,19940827,  212,   41,   41,   67,   11,   15,   20,  123,    9,  163,  125,   22,  213,   15,   99,   24,   22,   16,  749,   28,   24,    9,   16,10100,10114,    1,10092,    8,   35,    8,   80,   17,    5,   93,  100,    1,   78,   17,   13
  260,19940828,  239,   51,   57,   72,   13,   26,    4,  139,   13,  154,  122,    4,  190,   13,   95,    6,  110,   79, 1797,    0,   -1,   -1,   22,10120,10135,   15,10097,    1,   70,    1,   84,   14,    4,   73,   99,    1,   53,   17,   30
  260,19940829,  248,   41,   41,   62,   12,   15,   22,  113,   12,  149,  119,   23,  195,   15,  101,   24,   65,   47, 1325,   31,   45,   25,   22,10150,10175,   21,10122,    1,   62,   21,   82,   15,    6,   78,  100,   24,   55,   16,   22
  260,19940830,  193,   21,   26,   41,   11,   10,   20,   72,   10,  153,  114,    6,  205,   14,  101,    6,   31,   22, 1323,   36,   30,   15,    2,10159,10171,    1,10151,   16,   50,   24,   70,   12,    7,   86,  100,    1,   53,   14,   22
  260,19940831,   80,   31,   31,   51,   20,    5,    3,   82,   20,  170,  105,    5,  218,   14,   79,    6,   60,   44, 1427,   29,   15,    5,   20,10125,10154,    1,10079,   23,   40,    1,   70,   13,    7,   77,  100,    1,   48,   14,   25
  260,19940901,  189,   41,   46,   62,    9,   21,    1,  123,    9,  168,  147,   24,  188,   13,  142,   24,    7,    5,  531,   11,   23,   22,    1,10080,10099,   23,10063,    4,   30,    1,   65,   10,    7,   89,  100,    1,   78,   12,    9
  260,19940902,  264,   36,   41,   62,   15,   15,    5,  123,   14,  154,  135,   19,  189,   13,  118,    6,   38,   28,  969,   46,   21,    6,   23,10131,10155,   17,10096,    1,   15,    5,   80,   13,    7,   86,  100,    5,   60,   15,   16
  260,19940903,  260,   36,   36,   51,   12,   10,   22,  113,   11,  151,   97,   24,  185,   12,   78,   24,   11,    8,  506,   52,  129,   85,    9,10141,10152,   20,10131,    4,   14,   24,   66,    4,    6,   94,  100,    9,   85,   17,    8
  260,19940904,  224,   36,   41,   67,   11,   15,    1,  113,   13,  164,   99,    1,  194,   16,   77,    6,   11,    8,  569,   50,   39,   11,   14,10142,10153,   23,10134,    8,    5,    5,   70,   16,    7,   95,  100,    1,   82,   16,   10
  260,19940905,  254,   31,   41,   62,    7,   10,   23,  118,   14,  148,   91,   24,  185,   13,   69,   24,   51,   38, 1232,   51,   87,   60,   10,10162,10198,   21,10130,    8,   25,    5,   82,   14,    6,   84,  100,    5,   55,   14,   20
  260,19940906,  152,   15,   21,   41,   12,   10,   17,   72,   11,  132,   91,    1,  179,   11,   67,    6,   16,   12,  851,   13,    7,    6,   16,10142,10190,    1,10092,   24,    1,   24,   75,    1,    6,   86,  100,    1,   53,   11,   13
  260,19940907,  175,   26,   26,   46,    8,   10,    1,   82,    8,  126,   87,    2,  175,   17,   77,    6,   15,   11,  437,    6,    3,    2,   14,10071,10093,    1,10054,   14,    3,    1,   65,   19,    7,   97,  100,    1,   82,   16,    7
  260,19940908,  166,   31,   36,   57,   12,   10,   19,  123,   16,  135,  102,    1,  193,   14,   84,    6,   19,   14,  813,   19,   65,   61,   16,10023,10059,    1, 9998,   15,    1,    4,   72,   13,    7,   94,  100,    1,   70,   13,   13
  260,19940909,  207,   57,   57,   93,   13,   26,    1,  165,   12,  127,   95,    5,  172,   15,   85,    6,   33,   25,  695,   28,   28,    8,   19,10027,10055,   20,10004,    4,   58,   18,   75,    1,    5,   90,   98,    1,   78,   14,   11
  260,19940910,  222,   62,   62,   93,   12,   31,   22,  195,   13,  128,   93,   20,  171,   14,   94,   24,   69,   53, 1235,   46,  115,   52,   20,10043,10060,   20,10018,    5,   65,    6,   81,   13,    6,   85,  100,   21,   60,   12,   19
  260,19940911,  206,   36,   36,   67,   10,   10,   15,  118,   11,  126,   95,    6,  152,   10,   82,    6,   36,   28,  710,   44,   62,   21,   14,10081,10096,   11,10061,    1,   32,   14,   80,    2,    6,   95,  100,    1,   77,    9,   11
  260,19940912,  207,   51,   57,   87,   15,   21,    1,  165,   14,  154,  126,   24,  211,   14,  111,   24,   42,   32,  854,   48,  121,   35,    7,10046,10078,   24,10021,   10,   33,    6,   81,   15,    5,   87,  100,    1,   68,   16,   14
  260,19940913,  218,   36,   41,   67,    1,    5,   19,  113,    1,  144,  111,   24,  189,   13,   79,   24,   72,   56, 1297,    0,    0,    0,    1,10099,10111,   12,10082,    1,   65,    7,   80,    1,    4,   85,   97,   22,   65,   13,   21
  260,19940914,   93,   26,   31,   57,    8,    5,   16,   82,    5,  128,  105,    1,  144,   10,   82,    6,    0,    0,  204,   97,  213,   52,   15, 9997,10080,    1, 9934,   24,    9,   17,   68,    6,    8,   95,  100,   13,   81,    7,    3
  260,19940915,  242,   51,   51,   77,   13,   31,   22,  144,   13,  124,  110,    3,  141,   12,  101,    6,    0,    0,  288,  126,  159,   48,   19, 9917, 9951,   24, 9903,   10,   11,    6,   70,   23,    8,   98,  100,    1,   89,   13,    4
  260,19940916,  278,   46,   46,   67,   14,   36,    9,  149,   15,  117,   96,   22,  145,   12,   92,   24,   18,   14,  689,  131,  132,   26,    5,10014,10085,   23, 9951,    1,   57,    7,   68,   18,    7,   90,  100,    6,   77,   13,   11
  260,19940917,  282,   36,   41,   62,   14,   21,   23,  134,   10,  115,   95,    4,  136,   12,   93,    6,   12,   10,  440,  122,  129,   28,   15,10115,10166,   24,10086,    5,   45,   15,   70,   21,    7,   95,   99,   13,   90,   22,    7
  260,19940918,  341,   31,   31,   51,   13,   10,   23,   93,   11,  131,  107,    7,  171,   15,   97,   24,   77,   61, 1297,   13,   27,   26,    8,10200,10228,   21,10166,    2,   50,    7,   75,   10,    5,   88,  100,   23,   72,   13,   21
  260,19940919,  187,   21,   21,   31,   13,   10,    1,   72,   13,  124,  103,   24,  162,   12,   99,   12,    9,    7,  701,   12,   28,   27,   13,10182,10225,    1,10116,   24,   57,    7,   70,   12,    7,   93,  100,    1,   78,   12,   11
  260,19940920,  130,   41,   46,   67,    8,   21,   20,  123,    8,  109,   99,    5,  121,   14,   97,    6,    0,    0,  171,  149,  149,   25,   16,10068,10107,    1,10047,   13,   50,    8,   62,    1,    8,   95,  100,   20,   86,    4,    3
  260,19940921,   53,   41,   41,   62,   11,   26,    2,  103,   13,  132,   97,    6,  178,   13,   90,    6,   88,   71, 1304,    0,    0,    0,    1,10143,10197,   24,10085,    1,   25,   24,   59,   11,    2,   88,  100,   23,   68,   13,   21
  260,19940922,   64,   31,   31,   51,   13,   21,    6,   82,   15,  125,   85,    7,  181,   15,   86,    6,   80,   65, 1346,    0,    0,    0,    1,10228,10252,   22,10199,    1,    1,    3,   62,   13,    3,   85,  100,    1,   57,   13,   21
  260,19940923,   68,   36,   36,   51,   13,   26,    4,   93,   15,  139,   72,    6,  197,   15,   59,    6,  102,   84, 1306,    0,    0,    0,    1,10217,10245,    2,10171,   24,   45,    5,   62,   16,    4,   81,  100,    6,   62,   13,   21
  260,19940924,   18,   10,   21,   46,   19,   10,   12,  103,   19,  146,   99,    6,  202,   13,   88,    6,   36,   30,  833,   28,    8,    3,   19,10159,10186,   19,10141,   11,   33,    6,   62,   21,    6,   88,  100,   24,   69,   12,   14
  260,19940925,  141,   10,   15,   31,   12,    5,    7,   62,   12,  148,   90,    5,  207,   14,   71,    6,   68,   56, 1161,    0,    0,    0,    1,10166,10181,    8,10152,   18,    1,    5,   63,   12,    3,   93,  100,    1,   70,   15,   19
  260,19940926,  347,    5,   10,   21,   14,    5,    1,   62,   17,  143,  112,    3,  186,   15,  108,   24,   15,   13,  673,    0,    0,    0,    1,10165,10176,   22,10153,    2,    0,    1,   58,   20,    7,   95,  100,    1,   81,   14,   11
  260,19940927,  265,   31,   31,   62,   10,   10,    1,  123,   10,  137,  109,    2,  164,   10,   82,    6,   35,   29,  732,    0,   -1,   -1,   18,10178,10205,   24,10162,    8,   30,    6,   75,   12,    6,   90,  100,    1,   63,   11,   12
  260,19940928,  232,   26,   26,   51,   15,    5,    5,   98,   15,  129,   88,    7,  179,   14,   63,   24,   61,   51, 1030,    0,    0,    0,    1,10213,10222,    9,10208,    1,   57,    1,   75,   14,    5,   86,  100,    1,   62,   14,   16
  260,19940929,  244,   31,   31,   46,   12,   10,   24,   93,   12,  139,  125,    1,  158,    9,  120,    6,    5,    4,  369,    0,   -1,   -1,    7,10218,10229,   19,10205,    3,   30,    6,   65,   12,    8,   86,   96,    4,   72,   13,    6
  260,19940930,  235,   21,   21,   31,   11,   10,    2,   62,   13,  139,  109,    2,  166,   13,   96,    6,    0,    0,  509,    0,    0,    0,    1,10203,10220,    1,10182,   24,   45,   14,   63,    2,    8,   84,   99,    2,   70,   12,    8
  260,19941001,   25,   10,   21,   36,   12,   15,    6,   67,   10,  130,  109,   23,  151,    9,  110,   24,    0,    0,  429,   70,   30,    9,   18,10213,10229,   19,10183,    2,   35,    9,   75,   13,    8,   93,  100,   22,   81,   14,    7
  260,19941002,  210,   31,   31,   57,   23,   10,    1,   98,   21,  136,  109,    1,  172,   13,  111,    6,   14,   12,  625,   28,   23,    9,   21,10136,10211,    1,10037,   24,   12,    8,   57,   14,    8,   93,  100,    1,   79,   14,   10
  260,19941003,  322,   15,   41,   72,   15,   15,   19,  165,   15,   96,   42,   24,  148,   10,   22,   24,   13,   11,  287,  129,  248,   52,   14,10044,10129,   24, 9993,    6,   30,    2,   82,   23,    7,   98,  100,    2,   92,    9,    4
  260,19941004,  288,   26,   31,   51,   13,   15,   23,  144,   13,   60,   38,    4,   97,   12,   23,    6,   55,   48,  917,   99,   94,   17,   21,10182,10221,   21,10137,    1,   62,   18,   82,    1,    6,   93,  100,   22,   77,   14,   12
  260,19941005,  312,   15,   26,   46,   13,   10,   18,  103,   14,   79,   48,    1,  118,   14,   30,    6,   62,   54,  821,   29,   24,    8,    3,10282,10344,   24,10215,    2,   65,    4,   81,   21,    6,   90,  100,    1,   68,   13,   11
  260,19941006,  185,   26,   26,   41,   13,   10,    4,   77,   14,   93,   53,    6,  126,   15,   36,    6,    5,    4,  430,    0,   -1,   -1,   11,10337,10355,   10,10310,   24,   60,   14,   80,    1,    7,   91,  100,    1,   77,   16,    6
  260,19941007,  164,   21,   26,   31,    2,   10,   23,   62,    3,   84,   36,   24,  135,   14,   11,   24,   46,   41,  870,    0,    0,    0,    1,10269,10306,    1,10235,   24,   60,    8,   75,   21,    6,   87,  100,   24,   65,   15,   12
  260,19941008,  188,   15,   15,   26,   13,   10,    2,   41,   12,   79,   18,    3,  139,   16,   -1,    6,   39,   35,  831,    9,    4,    2,   18,10220,10234,    1,10211,   15,   56,   23,   65,    1,    6,   88,  100,    1,   60,   12,   11
  260,19941009,  164,   10,   10,   21,   15,    5,   18,   41,   15,   89,   43,    6,  156,   14,   24,    6,   69,   62,  941,    0,    0,    0,    1,10236,10253,   24,10217,    3,   50,   20,   62,   10,    4,   89,  100,    1,   61,   12,   13
  260,19941010,  107,   26,   26,   36,   11,   10,    1,   72,   12,   92,   31,    5,  156,   15,   12,    6,   72,   65,  861,    0,    0,    0,    1,10247,10258,   10,10235,   16,   12,   23,   60,   11,    5,   89,  100,    1,   66,   14,   12
  260,19941011,  102,   21,   21,   31,    1,    5,   18,   51,    1,   93,   40,   24,  169,   14,    8,   24,   64,   58,  981,    0,    0,    0,    1,10245,10264,   24,10234,    2,    0,    3,   59,   13,    4,   91,  100,    1,   58,   14,   14
  260,19941012,   39,   21,   21,   36,   18,   10,    1,   62,   17,   77,   20,    6,  142,   15,    2,    6,   55,   50,  849,    0,    0,    0,    1,10304,10338,   24,10262,    1,    1,    8,   35,   13,    4,   97,  100,    1,   80,   14,   12
  260,19941013,   84,   21,   26,   36,   12,   15,    3,   62,   12,  104,   75,    8,  160,   14,   40,   24,   71,   65,  930,    0,    0,    0,    1,10332,10352,    9,10301,   24,    1,    3,   75,   14,    4,   91,  100,    1,   64,   15,   14
  260,19941014,  131,   10,   15,   36,   10,    5,   14,   57,   10,  100,   37,    7,  187,   14,    7,    6,   92,   85, 1018,    0,    0,    0,    1,10249,10297,    1,10212,   24,   40,   23,   62,    8,    1,   88,  100,    1,   52,   14,   15
  260,19941015,   28,   15,   15,   36,   15,    5,    4,   67,   17,   94,   31,    3,  176,   12,    6,    6,   69,   64,  864,    0,    0,    0,    1,10214,10229,   22,10205,   14,    0,    3,   56,   24,    3,   92,  100,    1,   69,   12,   12
  260,19941016,   31,   41,   41,   57,   11,   21,    2,  108,   11,  103,   80,   24,  128,   14,   76,   24,   34,   32,  681,    0,   -1,   -1,    3,10256,10278,   23,10226,    2,   15,    4,   80,   14,    7,   79,  100,    4,   63,   13,   10
  260,19941017,   62,   31,   31,   57,   13,   21,    4,   93,   12,   58,   13,   24,  103,   13,  -20,   24,   93,   88,  981,    0,    0,    0,    1,10273,10287,    9,10261,   24,   70,   23,   81,   15,    3,   75,   98,    7,   50,   13,   13
  260,19941018,   98,   51,   51,   72,   13,   36,    1,  108,   12,   53,   -2,    7,  109,   14,  -10,   12,   99,   94,  999,    0,    0,    0,    1,10193,10254,    1,10126,   24,   68,    6,   80,    2,    2,   67,   88,    6,   46,   13,   13
  260,19941019,  119,   51,   51,   62,   21,   41,    3,  108,    9,   75,   28,    6,  120,   15,   22,    6,   58,   55,  756,    0,    0,    0,    1,10077,10118,    1,10059,   15,   60,   17,   75,    1,    5,   67,   75,   18,   60,   11,   10
  260,19941020,  104,   46,   51,   82,   11,   26,   19,  134,   11,   75,   31,    7,  113,   14,   26,   12,   53,   51,  745,    0,    0,    0,    1,10058,10070,    1,10044,   13,   50,    6,   65,    1,    6,   73,   83,    5,   62,   11,   10
  260,19941021,  138,   31,   31,   41,    2,   26,   14,   72,    9,   97,   58,    7,  131,   13,   52,   12,   32,   31,  547,    0,   -1,   -1,   15,10057,10064,    1,10044,   24,   45,    6,   60,    1,    5,   83,   99,   24,   72,   12,    8
  260,19941022,  156,   51,   57,   77,   11,   36,    1,  129,   12,  127,   85,    1,  150,   23,   75,    6,    0,    0,  187,   39,   65,   32,   15, 9954,10040,    1, 9899,   21,   50,    1,   70,   14,    7,   93,  100,    1,   84,   11,    3
  260,19941023,  194,   51,   51,   72,   11,   36,   17,  149,   15,  123,   94,   23,  168,   13,   77,   24,   38,   37,  511,   19,   47,   20,   15, 9927, 9979,   24, 9906,    2,   56,   15,   80,    9,    5,   89,  100,   24,   70,   13,    8
  260,19941024,  204,   36,   36,   51,   15,   26,   18,  108,   15,  101,   81,    4,  138,   15,   51,   18,   42,   41,  476,    7,   10,    9,   13,10024,10050,   21, 9983,    1,   40,    7,   75,   16,    5,   93,  100,    3,   72,   15,    7
  260,19941025,  190,   46,   51,   72,   11,   36,    1,  134,   10,   96,   77,   23,  125,   15,   69,   24,   21,   21,  261,   57,   66,   24,   22,10002,10044,    1, 9965,   16,   45,    7,   75,   14,    6,   95,  100,    1,   84,   17,    4
  260,19941026,  212,   46,   46,   62,   17,   36,   14,  113,   19,   82,   59,    7,  112,   15,   51,   12,   11,   11,  171,   83,  220,   59,   11,10016,10039,   22,10000,    5,   30,   12,   70,   17,    6,   98,  100,    3,   93,   15,    2
  260,19941027,  211,   51,   51,   72,   13,   26,   21,  134,   12,   76,   57,    5,  105,   13,   39,   24,   17,   17,  273,   21,   17,    8,   16,10046,10063,   24,10036,   13,   57,    2,   75,   18,    5,   92,   98,    3,   79,   13,    4
  260,19941028,  213,   41,   41,   57,   13,   31,    5,  103,   13,   74,   51,    7,  111,   13,   26,   24,   36,   36,  443,   18,   34,   20,   15,10079,10098,   24,10062,    1,   50,    8,   75,   14,    4,   93,   98,    7,   86,   12,    6
  260,19941029,  197,   51,   57,   77,   18,   36,    1,  134,   14,   84,   48,    4,  118,   21,   28,    6,    0,    0,  155,   56,   64,   19,   23,10042,10099,    1, 9986,   24,   57,   12,   75,    1,    7,   93,   99,   24,   85,   11,    2
  260,19941030,  230,   67,   67,  103,   23,   26,    1,  185,   23,  139,  103,    1,  154,   15,  102,    6,    0,    0,   85,  181,  247,   43,   20, 9988,10009,   16, 9962,    4,   25,    7,   75,   13,    8,   97,  100,    1,   90,   14,    1
  260,19941031,  227,   82,   82,   98,    2,   57,   14,  170,    2,  131,  116,   24,  150,    2,  112,   24,    0,    0,  155,  129,  121,   21,    6, 9996,10021,   24, 9980,    3,   50,    7,   75,    1,    7,   91,   97,    6,   84,   20,    2
  260,19941101,  251,   51,   51,   82,   12,   15,   24,  159,   13,  102,   44,   24,  133,   13,   14,   24,   67,   69,  646,    0,   -1,   -1,    1,10137,10203,   24,10032,    1,   72,   19,   80,    8,    3,   78,   96,   24,   62,   13,   10
  260,19941102,  122,   26,   26,   46,   23,   10,    8,   87,   24,   67,   16,    6,  118,   13,  -15,   12,   79,   82,  649,    0,    0,    0,    1,10196,10220,    9,10158,   24,   57,    5,   75,    2,    4,   89,  100,    3,   66,   13,    9
  260,19941103,  125,   57,   57,   72,   20,   46,    2,  129,   23,  116,   68,    2,  157,   14,   62,    6,   79,   83,  610,    0,    0,    0,    1,10126,10155,    1,10107,   21,   60,   14,   70,   19,    5,   76,   86,    2,   64,   19,    9
  260,19941104,  132,   51,   51,   62,    1,   41,   20,  103,    1,  139,  110,    6,  177,   15,  103,    6,   63,   67,  558,    0,   -1,   -1,   20,10109,10116,   11,10091,   24,   59,    8,   70,    1,    4,   72,   80,    6,   63,   19,    9
  260,19941105,  130,   31,   31,   67,    1,   10,   15,  113,    2,  133,  105,   24,  175,   16,   89,   24,   37,   39,  414,    0,    0,    0,    1,10083,10091,   10,10073,    5,   45,   22,   60,    1,    7,   81,   97,   24,   70,   13,    7
  260,19941106,  217,   21,   26,   46,    5,    5,   20,   77,   11,  123,  102,   23,  149,   12,   91,    6,   30,   32,  401,    0,   -1,   -1,   19,10123,10142,   20,10086,    1,   57,    1,   68,   14,    7,   90,   98,   24,   75,   15,    6
  260,19941107,   89,   21,   21,   36,   17,    5,    1,   57,   17,  111,  102,    1,  124,   13,   96,    6,    0,    0,  154,   28,    9,    4,    8,10124,10139,    1,10114,   17,   12,    7,   58,    1,    8,   97,   99,    7,   93,   13,    2
  260,19941108,  137,   26,   26,   36,   22,   15,    2,   57,   21,  101,   85,   18,  116,   14,   61,   18,   14,   15,  261,    0,    0,    0,    1,10114,10121,   11,10109,    3,    2,   22,   56,   15,    6,   97,  100,   20,   91,   14,    4
  260,19941109,  115,   41,   41,   57,   10,   21,    4,   87,   10,   95,   69,    6,  115,   15,   71,    6,    8,    9,  262,   14,    4,    3,   24,10074,10112,    1,10044,   22,    1,    1,   56,   20,    8,   94,  100,    1,   87,   12,    4
  260,19941110,  143,   10,   15,   36,    1,    5,   20,   57,    1,  105,   97,    5,  118,   13,   94,   24,    0,    0,  113,   86,   41,    7,    8,10062,10098,   24,10038,    3,    7,    7,   50,    1,    8,   98,  100,    7,   94,   13,    2
  260,19941111,  117,   10,   15,   31,   22,    5,    1,   46,   22,  106,   98,    8,  117,   14,   93,    6,    0,    0,   98,   48,   28,   11,   21,10135,10151,   18,10101,    1,    2,    4,   28,    9,    8,   99,  100,    1,   95,   14,    1
  260,19941112,  125,   26,   26,   41,   16,    5,    1,   67,   16,   97,   73,    5,  116,   11,   53,    6,    0,    0,  161,   34,    7,    3,   21,10145,10149,   10,10138,   14,    1,    5,   32,    3,    8,   99,  100,    1,   97,   15,    2
  260,19941113,  199,   46,   51,   82,   23,   26,    1,  134,   22,  113,   92,    1,  135,   13,   91,    6,    8,    9,  186,   44,   30,    8,    1,10147,10156,   10,10134,   22,    8,    7,   70,   14,    8,   94,  100,    2,   84,   15,    3
  260,19941114,  227,   87,   87,  103,   10,   77,   17,  180,    9,  140,  128,    1,  148,   20,  126,    6,    0,    0,   31,   87,  112,   26,   16,10093,10132,    1,10077,   15,   30,   14,   75,   19,    8,   93,   97,   15,   88,    6,    1
  260,19941115,  253,   67,   67,   82,    1,   51,   22,  159,   13,  126,  107,   22,  142,   12,   97,   24,   34,   38,  353,    2,    9,    9,   21,10105,10126,   24,10075,    4,   65,    7,   75,    1,    5,   79,   88,    2,   70,   12,    6
  260,19941116,  261,   41,   46,   62,   11,   31,   18,  134,   11,   93,   61,   22,  115,   10,   31,   24,   30,   34,  296,    0,   -1,   -1,    8,10149,10161,   11,10127,    1,   70,    1,   80,    9,    5,   81,   94,   24,   71,   11,    4
  260,19941117,  255,   46,   51,   62,    5,   36,    1,  134,   22,   93,   64,    3,  115,   14,   45,    6,   27,   31,  336,   46,   30,    9,   23,10114,10131,    1,10099,    6,   58,    5,   75,    1,    7,   84,   97,    4,   69,   13,    5
  260,19941118,  249,   21,   36,   51,    7,   10,   17,   93,    7,   97,   70,   24,  123,   15,   71,   24,    3,    3,  190,   43,   22,    6,    1,10114,10160,   24,10091,    8,   14,   19,   70,   13,    8,   93,   98,   19,   82,   14,    3
  260,19941119,  208,   36,   46,   62,    8,   26,    5,  103,   15,  114,   66,    1,  145,   17,   68,    6,    0,    0,   39,   12,   12,    9,    6,10152,10173,   24,10134,   12,    2,    3,   60,   23,    8,   98,  100,    3,   94,   15,    1
  260,19941120,  235,   62,   67,   87,    9,   26,   23,  159,    9,  135,   91,   24,  147,    6,   65,   24,    3,    3,   86,   31,   29,   16,   19,10175,10216,   24,10157,   15,   30,   18,   80,   23,    7,   91,   99,    3,   82,   17,    1
  260,19941121,  224,   10,   15,   21,    1,   10,   16,   46,    1,   88,   65,    8,  116,   12,   27,    6,    3,    4,  188,    0,    0,    0,    1,10251,10267,   22,10220,    1,    1,   23,   75,    1,    7,   98,  100,    4,   89,   12,    3
  260,19941122,  138,   21,   21,   31,   11,   10,    1,   51,   11,   80,   50,    7,  113,   14,   37,   18,   23,   27,  264,    0,    0,    0,    1,10256,10266,    9,10249,   19,    0,    1,   59,   21,    4,   98,  100,    2,   92,   15,    4
  260,19941123,  213,   31,   31,   51,   23,   15,    3,   93,   24,  106,   67,    4,  126,   20,   39,    6,    1,    1,  120,    0,   -1,   -1,   15,10256,10268,   24,10247,    4,    0,    4,   40,   21,    8,   98,  100,    1,   95,   19,    2
  260,19941124,  260,   31,   36,   51,    1,   15,   18,  103,    8,   92,   30,   24,  119,   13,   -1,   24,   18,   21,  127,   17,    7,    4,   10,10301,10347,   23,10267,    3,   10,    9,   82,   17,    5,   95,  100,   22,   79,   14,    2
  260,19941125,  243,   21,   21,   31,   14,   10,    7,   62,   14,   70,   21,    4,  113,   14,   -8,   12,   38,   45,  318,    0,   -1,   -1,   24,10343,10358,   10,10321,   24,   20,   24,   75,    3,    5,   95,  100,    1,   81,   14,    4
  260,19941126,  282,   21,   26,   36,   11,   15,   23,   72,   10,  112,   94,    1,  123,   12,   92,    6,    0,    0,   56,   20,   14,    8,   12,10279,10316,    1,10261,   15,   12,    4,   56,   23,    8,   99,  100,    2,   95,   12,    1
  260,19941127,  349,   10,   10,   21,    1,    5,   12,   46,    3,   99,   94,   20,  107,    1,   86,   24,    0,    0,   67,    4,    1,    1,   12,10285,10317,   24,10263,    3,   40,   10,   70,    6,    8,   99,  100,    1,   96,   13,    1
  260,19941128,  304,   10,   10,   21,   14,    0,   24,   41,   14,   84,   19,   24,  126,   13,   -2,   24,   13,   16,  185,    0,    0,    0,    1,10349,10367,   21,10319,    1,    5,   24,   64,   21,    6,   98,  100,    2,   86,   14,    3
  260,19941129,   84,   26,   26,   51,   22,    5,    1,   82,   22,   63,   25,    1,   80,   14,    9,    6,    3,    4,  164,    0,    0,    0,    1,10340,10363,    1,10314,   24,   20,    1,   70,    6,    7,   95,  100,    1,   84,   12,    2
  260,19941130,  119,   46,   46,   51,   10,   36,   23,   82,    9,   55,   41,   24,   60,   13,   32,   24,    0,    0,   72,    0,    0,    0,    1,10303,10313,   10,10297,   24,   33,    9,   56,    7,    8,   93,   97,    1,   89,   20,    1
  260,19941201,  118,   26,   26,   41,   21,   15,   17,   67,   21,   31,   10,    7,   64,   14,  -14,    6,   27,   33,  261,    0,    0,    0,    1,10288,10297,    9,10281,   24,    2,    8,   60,   13,    4,   95,  100,    7,   83,   13,    3
  260,19941202,  138,   26,   26,   36,   11,   15,   14,   57,   11,   20,   -2,    7,   47,   15,  -27,    6,   31,   38,  254,    0,    0,    0,    1,10258,10278,    1,10240,   24,   22,   23,   62,   19,    3,   94,   99,   24,   87,   15,    3
  260,19941203,  178,   46,   51,   67,   15,   31,    2,  113,   18,   80,   22,    1,  124,   16,   11,    6,   54,   67,  298,   26,   25,   14,   19,10193,10234,    1,10162,   18,   22,    1,   64,   13,    3,   92,   99,    1,   78,   16,    4
  260,19941204,  205,   62,   62,   87,   15,   36,    4,  165,   16,   96,   65,    5,  128,   15,   52,    6,   11,   14,  129,   16,   14,    5,   23,10152,10199,    3,10118,   24,   18,    6,   78,   21,    5,   90,  100,    5,   76,   16,    2
  260,19941205,  218,   57,   62,   77,    4,   36,   17,  159,    4,   95,   77,   16,  109,    4,   60,   18,   15,   19,  212,   12,   12,   11,   23,10121,10151,   13,10080,   23,   68,    2,   82,   12,    6,   83,   92,   23,   71,   13,    3
  260,19941206,  231,   51,   57,   87,    1,   41,   19,  175,    1,   74,   47,   21,  102,    1,   29,   24,   32,   40,  246,    0,   -1,   -1,    1,10195,10236,   18,10089,    1,   62,   21,   80,    3,    3,   79,   93,   21,   63,    6,    3
  260,19941207,  186,   62,   67,   82,   10,   46,    2,  134,   10,   69,   39,    2,   97,   12,   30,    6,    2,    3,  102,   32,   25,   12,   14,10121,10198,    1,10090,   13,   50,   14,   78,    5,    6,   86,   94,   15,   76,    9,    1
  260,19941208,  199,   72,   77,  113,   16,   15,   24,  201,   17,   86,   58,    2,  104,   20,   47,    6,    0,    0,   19,  116,  140,   16,   24,10042,10120,    1, 9997,   17,   50,   15,   75,    1,    7,   91,   99,   24,   83,    8,    0
  260,19941209,  240,   21,   26,   41,    4,    5,   22,   93,    4,   55,  -10,   24,   95,    1,  -34,   24,   57,   72,  308,   22,   34,   23,    1,10131,10191,   24,10013,    1,    3,   23,   80,    4,    4,   90,  100,   20,   73,   12,    4
  260,19941210,  219,   57,   57,   87,   16,   10,    1,  170,   18,   64,  -13,    1,  137,   23,  -39,    6,    0,    0,   61,   25,   27,   21,   14,10196,10220,   10,10175,   17,    6,    1,   68,   24,    7,   94,  100,    1,   80,   11,    1
  260,19941211,  240,   82,   82,   93,   12,   77,    3,  175,   12,  129,  114,    9,  140,   12,  107,   12,   17,   22,  201,    0,    0,    0,    1,10232,10249,   20,10204,    1,   63,   15,   75,   24,    7,   86,   90,    1,   81,   12,    3
  260,19941212,  244,   77,   77,   87,    3,   62,   21,  165,   22,  126,  111,    5,  137,   21,  103,    6,    2,    3,  102,    0,    0,    0,    1,10231,10241,    1,10226,   19,   65,    8,   75,    1,    6,   86,   91,    6,   81,   22,    2
  260,19941213,  290,   41,   46,   72,    3,   21,   21,  144,    4,   99,   58,   24,  135,    1,   48,   24,   20,   26,  200,   62,   97,   25,   20,10220,10232,   24,10203,   17,   56,   15,   75,   12,    7,   88,   98,   21,   74,   10,    3
  260,19941214,  315,   21,   21,   31,    2,    5,   21,   77,   14,   29,   -9,   22,   78,   11,  -43,   24,   32,   41,  231,    6,    5,    5,   14,10283,10316,   24,10239,    1,   75,    1,   80,    7,    2,   94,  100,   21,   77,   10,    3
  260,19941215,  170,   26,   26,   36,   14,    0,    1,   67,   18,    0,  -27,    6,   16,   16,  -59,    6,    8,   10,   95,    0,    0,    0,    1,10292,10314,    1,10261,   24,    2,    8,   80,    1,    5,  100,  100,    1,  100,    1,    1
  260,19941216,  221,   31,   31,   62,    9,   15,   13,  103,    9,   30,   -7,   23,   90,   14,  -37,   24,   25,   32,  187,    8,    4,    4,   10,10258,10302,   24,10226,    7,   25,    1,   80,   15,    5,   94,  100,    1,   78,   15,    2
  260,19941217,  173,   46,   46,   62,   13,   15,    1,  108,   13,   29,   -7,    2,   61,   24,  -39,    6,    0,    0,   57,    6,    2,    2,   16,10258,10305,    1,10194,   24,    1,    5,   75,    1,    7,   99,  100,    1,   94,   24,    1
  260,19941218,  183,   57,   57,   82,   11,   41,    2,  139,   13,   60,   51,    9,   67,   24,   50,   12,   15,   19,  140,   43,   23,   10,   24,10120,10186,    1,10088,   19,   57,    1,   65,   12,    8,   90,   96,   19,   82,   12,    2
  260,19941219,  207,   46,   46,   67,   14,   21,    1,  108,   14,   53,   27,    8,   70,   13,   16,   12,   53,   69,  268,   10,    6,    3,   22,10122,10134,   23,10099,    1,   58,   18,   75,    3,    5,   91,   96,    1,   83,   14,    3
  260,19941220,  228,   31,   31,   46,   12,   15,    4,   82,   12,   31,   -4,   21,   64,   13,  -39,   24,   36,   47,  215,    3,    1,    1,    2,10164,10187,   22,10134,    1,   60,   24,   80,    4,    3,   92,   99,   24,   83,   13,    3
  260,19941221,  267,    5,   15,   26,    3,   10,   14,   67,    1,   19,  -19,   23,   62,   14,  -52,   24,   50,   65,  276,    9,   15,   12,    2,10200,10235,   24,10183,    5,   36,   10,   75,    5,    3,   96,  100,    9,   83,   13,    3
  260,19941222,   52,   10,   21,   26,   13,    5,    8,   67,   13,  -10,  -37,    8,   47,   13,  -65,   12,   43,   56,  263,    0,    0,    0,    1,10308,10366,   24,10240,    1,    2,    8,   72,   10,    5,  100,  100,    1,   96,   13,    3
  260,19941223,   83,   21,   26,   31,    9,   15,   24,   57,   11,  -15,  -39,   24,    0,   20,  -72,   24,    0,    0,   64,    0,    0,    0,    1,10368,10385,    9,10339,   24,    2,    8,   58,   22,    7,   96,  100,    1,   83,   21,    1
  260,19941224,  140,   10,   15,   26,   22,    5,    8,   36,    3,  -41,  -67,   23,   -1,   13, -100,   24,   66,   85,  384,    0,    0,    0,    1,10298,10334,    1,10263,   24,   35,   24,   60,    7,    0,   93,   99,   24,   75,   13,    3
  260,19941225,  186,   46,   46,   62,   18,   26,    1,  108,   19,  -28,  -56,    1,   -5,   23,  -91,    6,    0,    0,   46,   19,   27,   21,   23,10207,10259,    1,10142,   24,   11,   13,   45,   20,    8,   97,   98,    4,   94,   21,    0
  260,19941226,  201,   62,   62,   98,   24,   46,    3,  165,   24,   17,   -5,    1,   53,   24,   -5,    6,    0,    0,   36,   63,   81,   21,   23,10084,10135,    1, 9975,   24,    6,   14,   50,   24,    8,   99,  100,   12,   96,    1,    0
  260,19941227,  233,   67,   72,  108,    2,    5,   23,  195,    2,   93,   53,    1,  113,   14,   50,    6,    0,    0,   20,  215,  371,   48,   18, 9927, 9964,    1, 9902,   12,   15,   23,   57,    8,    8,   97,  100,   21,   94,    2,    0
  260,19941228,  230,   77,   77,  108,   22,   51,    1,  201,   23,  125,  108,    1,  140,   23,  105,    6,    0,    0,   30,  112,  100,   15,    4,10000,10029,   19, 9955,    1,   28,   10,   75,   22,    8,   93,   99,    1,   84,   21,    0
  260,19941229,  211,   93,   93,  108,    8,   62,   20,  190,   14,  109,   73,   23,  134,    1,   65,   24,    0,    0,   67,  100,  119,   22,    7, 9960,10012,    1, 9901,   21,   50,    3,   80,   24,    8,   88,   94,    4,   80,   15,    1
  260,19941230,  219,   93,   93,  118,   12,   62,   17,  216,   12,   67,   57,    7,   81,    1,   48,   12,    5,    6,  149,   76,   85,   34,   16, 9888, 9906,    2, 9869,   15,   57,   15,   80,    1,    6,   86,   95,   16,   75,   13,    2
  260,19941231,  238,   57,   57,   93,    1,   21,   22,  159,    1,   50,   14,   22,   75,    4,  -12,   24,   14,   18,  150,   37,   44,   13,   20, 9910, 9939,   24, 9891,    1,   20,   24,   75,    1,    6,   86,   99,   22,   69,    6,    2